323663	3294.2
57521	4300.4
53666	5146.4
14757	5902.8
24313	9725.2
20095	8038.0
10176	4070.4
12899	5159.6
9680	3872.0
9367	3746.8
10501	4200.4
10109	4043.6
6726	2690.4
10442	4176.8
8474	3389.6
9557	3822.8
8502	3400.8
8176	3270.4
10138	4055.2
9931	3972.4
10076	4030.4
7754	3101.6
10954	4381.6
10205	4082.0
10509	4203.6
12413	4965.2
9997	3998.8
10784	4313.6
10975	4390.0
10009	4003.6
10318	4127.2
9657	3862.8
9506	3802.4
10480	4192.0
9474	3789.6
9727	3890.8
9737	3894.8
11265	4506.0
9629	3851.6
10065	4026.0
11129	4451.6
8206	3282.4
11077	4430.8
9769	3907.6
8797	3518.8
11092	4436.8
10380	4152.0
10625	4250.0
9600	3840.0
10528	4211.2
9929	3971.6
10160	4064.0
10174	4069.6
10464	4185.6
10591	4236.4
7998	3199.2
10562	4224.8
10558	4223.2
8758	3503.2
10606	4242.4
9916	3966.4
10739	4295.6
8344	3337.6
9841	3936.4
10219	4087.6
10954	4381.6
10510	4204.0
7591	3036.4
10023	4009.2
10197	4078.8
10558	4223.2
11525	4610.0
8589	3435.6
9835	3934.0
10786	4314.4
9826	3930.4
10178	4071.2
10382	4152.8
11719	4687.6
7026	2810.4
10406	4162.4
9281	3712.4
9336	3734.4
10133	4053.2
9349	3739.6
10905	4362.0
9449	3779.6
10767	4306.8
9746	3898.4
10288	4115.2
10314	4125.6
10764	4305.6
10660	4264.0
10883	4353.2
10123	4049.2
10990	4396.0
10202	4080.8
9851	3940.4
9316	3726.4
8979	3591.6
10211	4084.4
9516	3806.4
9618	3847.2
10355	4142.0
8740	3496.0
10057	4022.8
8844	3537.6
9276	3710.4
9924	3969.6
10274	4109.6
10023	4009.2
11800	4720.0
9999	3999.6
11412	4564.8
10094	4037.6
11313	4525.2
9370	3748.0
10118	4047.2
9438	3775.2
9405	3762.0
10403	4161.2
10541	4216.4
8802	3520.8
9875	3950.0
9658	3863.2
10398	4159.2
10123	4049.2
10643	4257.2
10274	4109.6
10450	4180.0
10244	4097.6
8262	3304.8
10240	4096.0
10387	4154.8
10665	4266.0
8517	3406.8
11155	4462.0
10373	4149.2
9096	3638.4
10362	4144.8
10932	4372.8
8786	3514.4
10161	4064.4
9292	3716.8
10173	4069.2
9296	3718.4
11434	4573.6
8136	3254.4
10199	4079.6
9177	3670.8
9906	3962.4
11174	4469.6
8850	3540.0
10313	4125.2
11367	4546.8
8733	3493.2
10899	4359.6
9092	3636.8
10063	4025.2
8791	3516.4
9897	3958.8
9103	3641.2
9467	3786.8
11726	4690.4
8759	3503.6
11872	4748.8
9002	3600.8
10417	4166.8
11238	4495.2
9149	3659.6
11827	4730.8
9040	3616.0
10617	4246.8
9149	3659.6
11861	4744.4
9231	3692.4
10931	4372.4
9296	3718.4
10575	4230.0
9139	3655.6
9850	3940.0
9485	3794.0
7893	3157.2
9408	3763.2
9150	3660.0
11285	4514.0
11827	4730.8
9350	3740.0
12001	4800.4
8440	3376.0
11422	4568.8
9810	3924.0
9331	3732.4
9396	3758.4
11485	4594.0
8749	3499.6
9726	3890.4
7603	3041.2
8825	3530.0
9693	3877.2
9947	3978.8
9555	3822.0
8907	3562.8
11531	4612.4
9418	3767.2
11263	4505.2
10696	4278.4
10429	4171.6
9493	3797.2
10832	4332.8
9572	3828.8
10278	4111.2
9800	3920.0
10161	4064.4
9458	3783.2
10939	4375.6
9175	3670.0
10330	4132.0
7815	3126.0
8847	3538.8
11093	4437.2
9879	3951.6
12330	4932.0
10052	4020.8
11241	4496.4
10514	4205.6
9009	3603.6
10235	4094.0
9923	3969.2
9677	3870.8
7972	3188.8
9507	3802.8
9522	3808.8
12035	4814.0
10971	4388.4
11238	4495.2
10306	4122.4
10309	4123.6
8101	3240.4
9792	3916.8
9593	3837.2
9100	3640.0
10092	4036.8
11255	4502.0
7674	3069.6
10370	4148.0
8733	3493.2
10691	4276.4
10951	4380.4
11845	4738.0
9514	3805.6
11364	4545.6
10293	4117.2
8197	3278.8
11599	4639.6
8219	3287.6
9324	3729.6
9702	3880.8
9330	3732.0
9135	3654.0
12244	4897.6
10678	4271.2
10278	4111.2
10602	4240.8
11204	4481.6
11902	4760.8
8217	3286.8
10171	4068.4
10066	4026.4
9391	3756.4
9707	3882.8
8192	3276.8
10643	4257.2
9445	3778.0
7461	2984.4
9291	3716.4
13048	5219.2
10604	4241.6
11426	4570.4
8978	3591.2
10081	4032.4
10050	4020.0
9511	3804.4
10091	4036.4
8399	3359.6
9252	3700.8
8904	3561.6
13140	5256.0
9065	3626.0
10644	4257.6
11148	4459.2
8356	3342.4
8841	3536.4
10519	4207.6
11553	4621.2
8242	3296.8
11761	4704.4
9713	3885.2
10401	4160.4
7889	3155.6
10468	4187.2
11413	4565.2
10709	4283.6
10776	4310.4
10272	4108.8
9791	3916.4
9742	3896.8
10191	4076.4
9779	3911.6
10480	4192.0
9793	3917.2
10087	4034.8
9049	3619.6
10641	4256.4
10334	4133.6
10372	4148.8
10495	4198.0
7898	3159.2
10125	4050.0
10427	4170.8
7597	3038.8
9930	3972.0
12183	4873.2
10314	4125.6
9387	3754.8
10821	4328.4
10783	4313.2
9809	3923.6
8388	3355.2
9605	3842.0
9563	3825.2
12291	4916.4
8003	3201.2
9206	3682.4
10654	4261.6
10937	4374.8
7795	3118.0
9805	3922.0
10264	4105.6
10253	4101.2
11076	4430.4
10400	4160.0
10128	4051.2
9652	3860.8
9364	3745.6
10353	4141.2
9589	3835.6
9012	3604.8
9696	3878.4
11343	4537.2
11072	4428.8
11420	4568.0
8657	3462.8
10332	4132.8
9976	3990.4
9810	3924.0
9768	3907.2
8475	3390.0
10850	4340.0
9349	3739.6
10594	4237.6
9078	3631.2
9962	3984.8
12015	4806.0
10452	4180.8
11598	4639.2
11348	4539.2
7190	2876.0
9904	3961.6
9570	3828.0
8557	3422.8
9721	3888.4
12262	4904.8
10159	4063.6
7875	3150.0
11381	4552.4
9937	3974.8
9916	3966.4
11007	4402.8
10679	4271.6
10181	4072.4
7642	3056.8
9250	3700.0
10312	4124.8
9030	3612.0
10282	4112.8
10144	4057.6
9279	3711.6
9951	3980.4
9707	3882.8
10538	4215.2
8821	3528.4
11254	4501.6
10147	4058.8
10445	4178.0
10503	4201.2
10184	4073.6
10011	4004.4
11873	4749.2
8381	3352.4
9849	3939.6
9457	3782.8
10284	4113.6
10662	4264.8
8078	3231.2
9076	3630.4
13243	5297.2
9743	3897.2
10587	4234.8
11142	4456.8
10416	4166.4
8652	3460.8
9572	3828.8
9607	3842.8
10397	4158.8
10296	4118.4
9634	3853.6
8135	3254.0
9896	3958.4
10506	4202.4
9488	3795.2
10016	4006.4
11518	4607.2
10239	4095.6
11269	4507.6
11621	4648.4
10457	4182.8
8272	3308.8
10977	4390.8
9689	3875.6
8084	3233.6
9450	3780.0
9203	3681.2
10278	4111.2
10558	4223.2
8212	3284.8
9010	3604.0
12959	5183.6
9827	3930.8
11698	4679.2
9224	3689.6
9716	3886.4
9780	3912.0
8500	3400.0
10490	4196.0
10164	4065.6
9668	3867.2
9744	3897.6
9062	3624.8
11348	4539.2
8764	3505.6
12125	4850.0
10127	4050.8
11026	4410.4
10349	4139.6
8428	3371.2
9902	3960.8
9475	3790.0
10538	4215.2
9326	3730.4
9834	3933.6
10053	4021.2
9227	3690.8
10288	4115.2
11050	4420.0
10303	4121.2
10820	4328.0
8319	3327.6
10600	4240.0
9929	3971.6
9844	3937.6
9927	3970.8
10774	4309.6
9803	3921.2
7804	3121.6
11147	4458.8
11185	4474.0
12069	4827.6
10731	4292.4
9852	3940.8
11348	4539.2
10404	4161.6
10466	4186.4
6768	2707.2
10128	4051.2
7675	3070.0
9963	3985.2
9728	3891.2
10227	4090.8
10159	4063.6
8517	3406.8
10897	4358.8
11768	4707.2
9171	3668.4
10540	4216.0
9827	3930.8
9281	3712.4
9488	3795.2
11049	4419.6
9638	3855.2
323663	3294.2
57521	4300.4
53666	5146.4
14757	5902.8
24313	9725.2
20095	8038.0
10176	4070.4
12899	5159.6
9680	3872.0
9367	3746.8
10501	4200.4
10109	4043.6
6726	2690.4
10442	4176.8
8474	3389.6
9557	3822.8
8502	3400.8
8176	3270.4
10138	4055.2
9931	3972.4
10076	4030.4
7754	3101.6
10954	4381.6
10205	4082.0
10509	4203.6
12413	4965.2
9997	3998.8
10784	4313.6
10975	4390.0
10009	4003.6
10318	4127.2
9657	3862.8
9506	3802.4
10480	4192.0
9474	3789.6
9727	3890.8
9737	3894.8
11265	4506.0
9629	3851.6
10065	4026.0
11129	4451.6
8206	3282.4
11077	4430.8
9769	3907.6
8797	3518.8
11092	4436.8
10380	4152.0
10625	4250.0
9600	3840.0
10528	4211.2
9929	3971.6
10160	4064.0
10174	4069.6
10464	4185.6
10591	4236.4
7998	3199.2
10562	4224.8
10558	4223.2
8758	3503.2
10606	4242.4
9916	3966.4
10739	4295.6
8344	3337.6
9841	3936.4
10219	4087.6
10954	4381.6
10510	4204.0
7591	3036.4
10023	4009.2
10197	4078.8
10558	4223.2
11525	4610.0
8589	3435.6
9835	3934.0
10786	4314.4
9826	3930.4
10178	4071.2
10382	4152.8
11719	4687.6
7026	2810.4
10406	4162.4
9281	3712.4
9336	3734.4
10133	4053.2
9349	3739.6
10905	4362.0
9449	3779.6
10767	4306.8
9746	3898.4
10288	4115.2
10314	4125.6
10764	4305.6
10660	4264.0
10883	4353.2
10123	4049.2
10990	4396.0
10202	4080.8
9851	3940.4
9316	3726.4
8979	3591.6
10211	4084.4
9516	3806.4
9618	3847.2
10355	4142.0
8740	3496.0
10057	4022.8
8844	3537.6
9276	3710.4
9924	3969.6
10274	4109.6
10023	4009.2
11800	4720.0
9999	3999.6
11412	4564.8
10094	4037.6
11313	4525.2
9370	3748.0
10118	4047.2
9438	3775.2
9405	3762.0
10403	4161.2
10541	4216.4
8802	3520.8
9875	3950.0
9658	3863.2
10398	4159.2
10123	4049.2
10643	4257.2
10274	4109.6
10450	4180.0
10244	4097.6
8262	3304.8
10240	4096.0
10387	4154.8
10665	4266.0
8517	3406.8
11155	4462.0
10373	4149.2
9096	3638.4
10362	4144.8
10932	4372.8
8786	3514.4
10161	4064.4
9292	3716.8
10173	4069.2
9296	3718.4
11434	4573.6
8136	3254.4
10199	4079.6
9177	3670.8
9906	3962.4
11174	4469.6
8850	3540.0
10313	4125.2
11367	4546.8
8733	3493.2
10899	4359.6
9092	3636.8
10063	4025.2
8791	3516.4
9897	3958.8
9103	3641.2
9467	3786.8
11726	4690.4
8759	3503.6
11872	4748.8
9002	3600.8
10417	4166.8
11238	4495.2
9149	3659.6
11827	4730.8
9040	3616.0
10617	4246.8
9149	3659.6
11861	4744.4
9231	3692.4
10931	4372.4
9296	3718.4
10575	4230.0
9139	3655.6
9850	3940.0
9485	3794.0
7893	3157.2
9408	3763.2
9150	3660.0
11285	4514.0
11827	4730.8
9350	3740.0
12001	4800.4
8440	3376.0
11422	4568.8
9810	3924.0
9331	3732.4
9396	3758.4
11485	4594.0
8749	3499.6
9726	3890.4
7603	3041.2
8825	3530.0
9693	3877.2
9947	3978.8
9555	3822.0
8907	3562.8
11531	4612.4
9418	3767.2
11263	4505.2
10696	4278.4
10429	4171.6
9493	3797.2
10832	4332.8
9572	3828.8
10278	4111.2
9800	3920.0
10161	4064.4
9458	3783.2
10939	4375.6
9175	3670.0
10330	4132.0
7815	3126.0
8847	3538.8
11093	4437.2
9879	3951.6
12330	4932.0
10052	4020.8
11241	4496.4
10514	4205.6
9009	3603.6
10235	4094.0
9923	3969.2
9677	3870.8
7972	3188.8
9507	3802.8
9522	3808.8
12035	4814.0
10971	4388.4
11238	4495.2
10306	4122.4
10309	4123.6
8101	3240.4
9792	3916.8
9593	3837.2
9100	3640.0
10092	4036.8
11255	4502.0
7674	3069.6
10370	4148.0
8733	3493.2
10691	4276.4
10951	4380.4
11845	4738.0
9514	3805.6
11364	4545.6
10293	4117.2
8197	3278.8
11599	4639.6
8219	3287.6
9324	3729.6
9702	3880.8
9330	3732.0
9135	3654.0
12244	4897.6
10678	4271.2
10278	4111.2
10602	4240.8
11204	4481.6
11902	4760.8
8217	3286.8
10171	4068.4
10066	4026.4
9391	3756.4
9707	3882.8
8192	3276.8
10643	4257.2
9445	3778.0
7461	2984.4
9291	3716.4
13048	5219.2
10604	4241.6
11426	4570.4
8978	3591.2
10081	4032.4
10050	4020.0
9511	3804.4
10091	4036.4
8399	3359.6
9252	3700.8
8904	3561.6
13140	5256.0
9065	3626.0
10644	4257.6
11148	4459.2
8356	3342.4
8841	3536.4
10519	4207.6
11553	4621.2
8242	3296.8
11761	4704.4
9713	3885.2
10401	4160.4
7889	3155.6
10468	4187.2
11413	4565.2
10709	4283.6
10776	4310.4
10272	4108.8
9791	3916.4
9742	3896.8
10191	4076.4
9779	3911.6
10480	4192.0
9793	3917.2
10087	4034.8
9049	3619.6
10641	4256.4
10334	4133.6
10372	4148.8
10495	4198.0
7898	3159.2
10125	4050.0
10427	4170.8
7597	3038.8
9930	3972.0
12183	4873.2
10314	4125.6
9387	3754.8
10821	4328.4
10783	4313.2
9809	3923.6
8388	3355.2
9605	3842.0
9563	3825.2
12291	4916.4
8003	3201.2
9206	3682.4
10654	4261.6
10937	4374.8
7795	3118.0
9805	3922.0
10264	4105.6
10253	4101.2
11076	4430.4
10400	4160.0
10128	4051.2
9652	3860.8
9364	3745.6
10353	4141.2
9589	3835.6
9012	3604.8
9696	3878.4
11343	4537.2
11072	4428.8
11420	4568.0
8657	3462.8
10332	4132.8
9976	3990.4
9810	3924.0
9768	3907.2
8475	3390.0
10850	4340.0
9349	3739.6
10594	4237.6
9078	3631.2
9962	3984.8
12015	4806.0
10452	4180.8
11598	4639.2
11348	4539.2
7190	2876.0
9904	3961.6
9570	3828.0
8557	3422.8
9721	3888.4
12262	4904.8
10159	4063.6
7875	3150.0
11381	4552.4
9937	3974.8
9916	3966.4
11007	4402.8
10679	4271.6
10181	4072.4
7642	3056.8
9250	3700.0
10312	4124.8
9030	3612.0
10282	4112.8
10144	4057.6
9279	3711.6
9951	3980.4
9707	3882.8
10538	4215.2
8821	3528.4
11254	4501.6
10147	4058.8
10445	4178.0
10503	4201.2
10184	4073.6
10011	4004.4
11873	4749.2
8381	3352.4
9849	3939.6
9457	3782.8
10284	4113.6
10662	4264.8
8078	3231.2
9076	3630.4
13243	5297.2
9743	3897.2
10587	4234.8
11142	4456.8
10416	4166.4
8652	3460.8
9572	3828.8
9607	3842.8
10397	4158.8
10296	4118.4
9634	3853.6
8135	3254.0
9896	3958.4
10506	4202.4
9488	3795.2
10016	4006.4
11518	4607.2
10239	4095.6
11269	4507.6
11621	4648.4
10457	4182.8
8272	3308.8
10977	4390.8
9689	3875.6
8084	3233.6
9450	3780.0
9203	3681.2
10278	4111.2
10558	4223.2
8212	3284.8
9010	3604.0
12959	5183.6
9827	3930.8
11698	4679.2
9224	3689.6
9716	3886.4
9780	3912.0
8500	3400.0
10490	4196.0
10164	4065.6
9668	3867.2
9744	3897.6
9062	3624.8
11348	4539.2
8764	3505.6
12125	4850.0
10127	4050.8
11026	4410.4
10349	4139.6
8428	3371.2
9902	3960.8
9475	3790.0
10538	4215.2
9326	3730.4
9834	3933.6
10053	4021.2
9227	3690.8
10288	4115.2
11050	4420.0
10303	4121.2
10820	4328.0
8319	3327.6
10600	4240.0
9929	3971.6
9844	3937.6
9927	3970.8
10774	4309.6
9803	3921.2
7804	3121.6
11147	4458.8
11185	4474.0
12069	4827.6
10731	4292.4
9852	3940.8
11348	4539.2
10404	4161.6
10466	4186.4
6768	2707.2
10128	4051.2
7675	3070.0
9963	3985.2
9728	3891.2
10227	4090.8
10159	4063.6
8517	3406.8
10897	4358.8
11768	4707.2
9171	3668.4
10540	4216.0
9827	3930.8
9281	3712.4
9488	3795.2
11049	4419.6
9638	3855.2
323663	3294.2
57521	4300.4
53666	5146.4
14757	5902.8
24313	9725.2
20095	8038.0
10176	4070.4
12899	5159.6
9680	3872.0
9367	3746.8
10501	4200.4
10109	4043.6
6726	2690.4
10442	4176.8
8474	3389.6
9557	3822.8
8502	3400.8
8176	3270.4
10138	4055.2
9931	3972.4
10076	4030.4
7754	3101.6
10954	4381.6
10205	4082.0
10509	4203.6
12413	4965.2
9997	3998.8
10784	4313.6
10975	4390.0
10009	4003.6
10318	4127.2
9657	3862.8
9506	3802.4
10480	4192.0
9474	3789.6
9727	3890.8
9737	3894.8
11265	4506.0
9629	3851.6
10065	4026.0
11129	4451.6
8206	3282.4
11077	4430.8
9769	3907.6
8797	3518.8
11092	4436.8
10380	4152.0
10625	4250.0
9600	3840.0
10528	4211.2
9929	3971.6
10160	4064.0
10174	4069.6
10464	4185.6
10591	4236.4
7998	3199.2
10562	4224.8
10558	4223.2
8758	3503.2
10606	4242.4
9916	3966.4
10739	4295.6
8344	3337.6
9841	3936.4
10219	4087.6
10954	4381.6
10510	4204.0
7591	3036.4
10023	4009.2
10197	4078.8
10558	4223.2
11525	4610.0
8589	3435.6
9835	3934.0
10786	4314.4
9826	3930.4
10178	4071.2
10382	4152.8
11719	4687.6
7026	2810.4
10406	4162.4
9281	3712.4
9336	3734.4
10133	4053.2
9349	3739.6
10905	4362.0
9449	3779.6
10767	4306.8
9746	3898.4
10288	4115.2
10314	4125.6
10764	4305.6
10660	4264.0
10883	4353.2
10123	4049.2
10990	4396.0
10202	4080.8
9851	3940.4
9316	3726.4
8979	3591.6
10211	4084.4
9516	3806.4
9618	3847.2
10355	4142.0
8740	3496.0
10057	4022.8
8844	3537.6
9276	3710.4
9924	3969.6
10274	4109.6
10023	4009.2
11800	4720.0
9999	3999.6
11412	4564.8
10094	4037.6
11313	4525.2
9370	3748.0
10118	4047.2
9438	3775.2
9405	3762.0
10403	4161.2
10541	4216.4
8802	3520.8
9875	3950.0
9658	3863.2
10398	4159.2
10123	4049.2
10643	4257.2
10274	4109.6
10450	4180.0
10244	4097.6
8262	3304.8
10240	4096.0
10387	4154.8
10665	4266.0
8517	3406.8
11155	4462.0
10373	4149.2
9096	3638.4
10362	4144.8
10932	4372.8
8786	3514.4
10161	4064.4
9292	3716.8
10173	4069.2
9296	3718.4
11434	4573.6
8136	3254.4
10199	4079.6
9177	3670.8
9906	3962.4
11174	4469.6
8850	3540.0
10313	4125.2
11367	4546.8
8733	3493.2
10899	4359.6
9092	3636.8
10063	4025.2
8791	3516.4
9897	3958.8
9103	3641.2
9467	3786.8
11726	4690.4
8759	3503.6
11872	4748.8
9002	3600.8
10417	4166.8
11238	4495.2
9149	3659.6
11827	4730.8
9040	3616.0
10617	4246.8
9149	3659.6
11861	4744.4
9231	3692.4
10931	4372.4
9296	3718.4
10575	4230.0
9139	3655.6
9850	3940.0
9485	3794.0
7893	3157.2
9408	3763.2
9150	3660.0
11285	4514.0
11827	4730.8
9350	3740.0
12001	4800.4
8440	3376.0
11422	4568.8
9810	3924.0
9331	3732.4
9396	3758.4
11485	4594.0
8749	3499.6
9726	3890.4
7603	3041.2
8825	3530.0
9693	3877.2
9947	3978.8
9555	3822.0
8907	3562.8
11531	4612.4
9418	3767.2
11263	4505.2
10696	4278.4
10429	4171.6
9493	3797.2
10832	4332.8
9572	3828.8
10278	4111.2
9800	3920.0
10161	4064.4
9458	3783.2
10939	4375.6
9175	3670.0
10330	4132.0
7815	3126.0
8847	3538.8
11093	4437.2
9879	3951.6
12330	4932.0
10052	4020.8
11241	4496.4
10514	4205.6
9009	3603.6
10235	4094.0
9923	3969.2
9677	3870.8
7972	3188.8
9507	3802.8
9522	3808.8
12035	4814.0
10971	4388.4
11238	4495.2
10306	4122.4
10309	4123.6
8101	3240.4
9792	3916.8
9593	3837.2
9100	3640.0
10092	4036.8
11255	4502.0
7674	3069.6
10370	4148.0
8733	3493.2
10691	4276.4
10951	4380.4
11845	4738.0
9514	3805.6
11364	4545.6
10293	4117.2
8197	3278.8
11599	4639.6
8219	3287.6
9324	3729.6
9702	3880.8
9330	3732.0
9135	3654.0
12244	4897.6
10678	4271.2
10278	4111.2
10602	4240.8
11204	4481.6
11902	4760.8
8217	3286.8
10171	4068.4
10066	4026.4
9391	3756.4
9707	3882.8
8192	3276.8
10643	4257.2
9445	3778.0
7461	2984.4
9291	3716.4
13048	5219.2
10604	4241.6
11426	4570.4
8978	3591.2
10081	4032.4
10050	4020.0
9511	3804.4
10091	4036.4
8399	3359.6
9252	3700.8
8904	3561.6
13140	5256.0
9065	3626.0
10644	4257.6
11148	4459.2
8356	3342.4
8841	3536.4
10519	4207.6
11553	4621.2
8242	3296.8
11761	4704.4
9713	3885.2
10401	4160.4
7889	3155.6
10468	4187.2
11413	4565.2
10709	4283.6
10776	4310.4
10272	4108.8
9791	3916.4
9742	3896.8
10191	4076.4
9779	3911.6
10480	4192.0
9793	3917.2
10087	4034.8
9049	3619.6
10641	4256.4
10334	4133.6
10372	4148.8
10495	4198.0
7898	3159.2
10125	4050.0
10427	4170.8
7597	3038.8
9930	3972.0
12183	4873.2
10314	4125.6
9387	3754.8
10821	4328.4
10783	4313.2
9809	3923.6
8388	3355.2
9605	3842.0
9563	3825.2
12291	4916.4
8003	3201.2
9206	3682.4
10654	4261.6
10937	4374.8
7795	3118.0
9805	3922.0
10264	4105.6
10253	4101.2
11076	4430.4
10400	4160.0
10128	4051.2
9652	3860.8
9364	3745.6
10353	4141.2
9589	3835.6
9012	3604.8
9696	3878.4
11343	4537.2
11072	4428.8
11420	4568.0
8657	3462.8
10332	4132.8
9976	3990.4
9810	3924.0
9768	3907.2
8475	3390.0
10850	4340.0
9349	3739.6
10594	4237.6
9078	3631.2
9962	3984.8
12015	4806.0
10452	4180.8
11598	4639.2
11348	4539.2
7190	2876.0
9904	3961.6
9570	3828.0
8557	3422.8
9721	3888.4
12262	4904.8
10159	4063.6
7875	3150.0
11381	4552.4
9937	3974.8
9916	3966.4
11007	4402.8
10679	4271.6
10181	4072.4
7642	3056.8
9250	3700.0
10312	4124.8
9030	3612.0
10282	4112.8
10144	4057.6
9279	3711.6
9951	3980.4
9707	3882.8
10538	4215.2
8821	3528.4
11254	4501.6
10147	4058.8
10445	4178.0
10503	4201.2
10184	4073.6
10011	4004.4
11873	4749.2
8381	3352.4
9849	3939.6
9457	3782.8
10284	4113.6
10662	4264.8
8078	3231.2
9076	3630.4
13243	5297.2
9743	3897.2
10587	4234.8
11142	4456.8
10416	4166.4
8652	3460.8
9572	3828.8
9607	3842.8
10397	4158.8
10296	4118.4
9634	3853.6
8135	3254.0
9896	3958.4
10506	4202.4
9488	3795.2
10016	4006.4
11518	4607.2
10239	4095.6
11269	4507.6
11621	4648.4
10457	4182.8
8272	3308.8
10977	4390.8
9689	3875.6
8084	3233.6
9450	3780.0
9203	3681.2
10278	4111.2
10558	4223.2
8212	3284.8
9010	3604.0
12959	5183.6
9827	3930.8
11698	4679.2
9224	3689.6
9716	3886.4
9780	3912.0
8500	3400.0
10490	4196.0
10164	4065.6
9668	3867.2
9744	3897.6
9062	3624.8
11348	4539.2
8764	3505.6
12125	4850.0
10127	4050.8
11026	4410.4
10349	4139.6
8428	3371.2
9902	3960.8
9475	3790.0
10538	4215.2
9326	3730.4
9834	3933.6
10053	4021.2
9227	3690.8
10288	4115.2
11050	4420.0
10303	4121.2
10820	4328.0
8319	3327.6
10600	4240.0
9929	3971.6
9844	3937.6
9927	3970.8
10774	4309.6
9803	3921.2
7804	3121.6
11147	4458.8
11185	4474.0
12069	4827.6
10731	4292.4
9852	3940.8
11348	4539.2
10404	4161.6
10466	4186.4
6768	2707.2
10128	4051.2
7675	3070.0
9963	3985.2
9728	3891.2
10227	4090.8
10159	4063.6
8517	3406.8
10897	4358.8
11768	4707.2
9171	3668.4
10540	4216.0
9827	3930.8
9281	3712.4
9488	3795.2
11049	4419.6
9638	3855.2
323663	3294.2
57521	4300.4
53666	5146.4
14757	5902.8
24313	9725.2
20095	8038.0
10176	4070.4
12899	5159.6
9680	3872.0
9367	3746.8
10501	4200.4
10109	4043.6
6726	2690.4
10442	4176.8
8474	3389.6
9557	3822.8
8502	3400.8
8176	3270.4
10138	4055.2
9931	3972.4
10076	4030.4
7754	3101.6
10954	4381.6
10205	4082.0
10509	4203.6
12413	4965.2
9997	3998.8
10784	4313.6
10975	4390.0
10009	4003.6
10318	4127.2
9657	3862.8
9506	3802.4
10480	4192.0
9474	3789.6
9727	3890.8
9737	3894.8
11265	4506.0
9629	3851.6
10065	4026.0
11129	4451.6
8206	3282.4
11077	4430.8
9769	3907.6
8797	3518.8
11092	4436.8
10380	4152.0
10625	4250.0
9600	3840.0
10528	4211.2
9929	3971.6
10160	4064.0
10174	4069.6
10464	4185.6
10591	4236.4
7998	3199.2
10562	4224.8
10558	4223.2
8758	3503.2
10606	4242.4
9916	3966.4
10739	4295.6
8344	3337.6
9841	3936.4
10219	4087.6
10954	4381.6
10510	4204.0
7591	3036.4
10023	4009.2
10197	4078.8
10558	4223.2
11525	4610.0
8589	3435.6
9835	3934.0
10786	4314.4
9826	3930.4
10178	4071.2
10382	4152.8
11719	4687.6
7026	2810.4
10406	4162.4
9281	3712.4
9336	3734.4
10133	4053.2
9349	3739.6
10905	4362.0
9449	3779.6
10767	4306.8
9746	3898.4
10288	4115.2
10314	4125.6
10764	4305.6
10660	4264.0
10883	4353.2
10123	4049.2
10990	4396.0
10202	4080.8
9851	3940.4
9316	3726.4
8979	3591.6
10211	4084.4
9516	3806.4
9618	3847.2
10355	4142.0
8740	3496.0
10057	4022.8
8844	3537.6
9276	3710.4
9924	3969.6
10274	4109.6
10023	4009.2
11800	4720.0
9999	3999.6
11412	4564.8
10094	4037.6
11313	4525.2
9370	3748.0
10118	4047.2
9438	3775.2
9405	3762.0
10403	4161.2
10541	4216.4
8802	3520.8
9875	3950.0
9658	3863.2
10398	4159.2
10123	4049.2
10643	4257.2
10274	4109.6
10450	4180.0
10244	4097.6
8262	3304.8
10240	4096.0
10387	4154.8
10665	4266.0
8517	3406.8
11155	4462.0
10373	4149.2
9096	3638.4
10362	4144.8
10932	4372.8
8786	3514.4
10161	4064.4
9292	3716.8
10173	4069.2
9296	3718.4
11434	4573.6
8136	3254.4
10199	4079.6
9177	3670.8
9906	3962.4
11174	4469.6
8850	3540.0
10313	4125.2
11367	4546.8
8733	3493.2
10899	4359.6
9092	3636.8
10063	4025.2
8791	3516.4
9897	3958.8
9103	3641.2
9467	3786.8
11726	4690.4
8759	3503.6
11872	4748.8
9002	3600.8
10417	4166.8
11238	4495.2
9149	3659.6
11827	4730.8
9040	3616.0
10617	4246.8
9149	3659.6
11861	4744.4
9231	3692.4
10931	4372.4
9296	3718.4
10575	4230.0
9139	3655.6
9850	3940.0
9485	3794.0
7893	3157.2
9408	3763.2
9150	3660.0
11285	4514.0
11827	4730.8
9350	3740.0
12001	4800.4
8440	3376.0
11422	4568.8
9810	3924.0
9331	3732.4
9396	3758.4
11485	4594.0
8749	3499.6
9726	3890.4
7603	3041.2
8825	3530.0
9693	3877.2
9947	3978.8
9555	3822.0
8907	3562.8
11531	4612.4
9418	3767.2
11263	4505.2
10696	4278.4
10429	4171.6
9493	3797.2
10832	4332.8
9572	3828.8
10278	4111.2
9800	3920.0
10161	4064.4
9458	3783.2
10939	4375.6
9175	3670.0
10330	4132.0
7815	3126.0
8847	3538.8
11093	4437.2
9879	3951.6
12330	4932.0
10052	4020.8
11241	4496.4
10514	4205.6
9009	3603.6
10235	4094.0
9923	3969.2
9677	3870.8
7972	3188.8
9507	3802.8
9522	3808.8
12035	4814.0
10971	4388.4
11238	4495.2
10306	4122.4
10309	4123.6
8101	3240.4
9792	3916.8
9593	3837.2
9100	3640.0
10092	4036.8
11255	4502.0
7674	3069.6
10370	4148.0
8733	3493.2
10691	4276.4
10951	4380.4
11845	4738.0
9514	3805.6
11364	4545.6
10293	4117.2
8197	3278.8
11599	4639.6
8219	3287.6
9324	3729.6
9702	3880.8
9330	3732.0
9135	3654.0
12244	4897.6
10678	4271.2
10278	4111.2
10602	4240.8
11204	4481.6
11902	4760.8
8217	3286.8
10171	4068.4
10066	4026.4
9391	3756.4
9707	3882.8
8192	3276.8
10643	4257.2
9445	3778.0
7461	2984.4
9291	3716.4
13048	5219.2
10604	4241.6
11426	4570.4
8978	3591.2
10081	4032.4
10050	4020.0
9511	3804.4
10091	4036.4
8399	3359.6
9252	3700.8
8904	3561.6
13140	5256.0
9065	3626.0
10644	4257.6
11148	4459.2
8356	3342.4
8841	3536.4
10519	4207.6
11553	4621.2
8242	3296.8
11761	4704.4
9713	3885.2
10401	4160.4
7889	3155.6
10468	4187.2
11413	4565.2
10709	4283.6
10776	4310.4
10272	4108.8
9791	3916.4
9742	3896.8
10191	4076.4
9779	3911.6
10480	4192.0
9793	3917.2
10087	4034.8
9049	3619.6
10641	4256.4
10334	4133.6
10372	4148.8
10495	4198.0
7898	3159.2
10125	4050.0
10427	4170.8
7597	3038.8
9930	3972.0
12183	4873.2
10314	4125.6
9387	3754.8
10821	4328.4
10783	4313.2
9809	3923.6
8388	3355.2
9605	3842.0
9563	3825.2
12291	4916.4
8003	3201.2
9206	3682.4
10654	4261.6
10937	4374.8
7795	3118.0
9805	3922.0
10264	4105.6
10253	4101.2
11076	4430.4
10400	4160.0
10128	4051.2
9652	3860.8
9364	3745.6
10353	4141.2
9589	3835.6
9012	3604.8
9696	3878.4
11343	4537.2
11072	4428.8
11420	4568.0
8657	3462.8
10332	4132.8
9976	3990.4
9810	3924.0
9768	3907.2
8475	3390.0
10850	4340.0
9349	3739.6
10594	4237.6
9078	3631.2
9962	3984.8
12015	4806.0
10452	4180.8
11598	4639.2
11348	4539.2
7190	2876.0
9904	3961.6
9570	3828.0
8557	3422.8
9721	3888.4
12262	4904.8
10159	4063.6
7875	3150.0
11381	4552.4
9937	3974.8
9916	3966.4
11007	4402.8
10679	4271.6
10181	4072.4
7642	3056.8
9250	3700.0
10312	4124.8
9030	3612.0
10282	4112.8
10144	4057.6
9279	3711.6
9951	3980.4
9707	3882.8
10538	4215.2
8821	3528.4
11254	4501.6
10147	4058.8
10445	4178.0
10503	4201.2
10184	4073.6
10011	4004.4
11873	4749.2
8381	3352.4
9849	3939.6
9457	3782.8
10284	4113.6
10662	4264.8
8078	3231.2
9076	3630.4
13243	5297.2
9743	3897.2
10587	4234.8
11142	4456.8
10416	4166.4
8652	3460.8
9572	3828.8
9607	3842.8
10397	4158.8
10296	4118.4
9634	3853.6
8135	3254.0
9896	3958.4
10506	4202.4
9488	3795.2
10016	4006.4
11518	4607.2
10239	4095.6
11269	4507.6
11621	4648.4
10457	4182.8
8272	3308.8
10977	4390.8
9689	3875.6
8084	3233.6
9450	3780.0
9203	3681.2
10278	4111.2
10558	4223.2
8212	3284.8
9010	3604.0
12959	5183.6
9827	3930.8
11698	4679.2
9224	3689.6
9716	3886.4
9780	3912.0
8500	3400.0
10490	4196.0
10164	4065.6
9668	3867.2
9744	3897.6
9062	3624.8
11348	4539.2
8764	3505.6
12125	4850.0
10127	4050.8
11026	4410.4
10349	4139.6
8428	3371.2
9902	3960.8
9475	3790.0
10538	4215.2
9326	3730.4
9834	3933.6
10053	4021.2
9227	3690.8
10288	4115.2
11050	4420.0
10303	4121.2
10820	4328.0
8319	3327.6
10600	4240.0
9929	3971.6
9844	3937.6
9927	3970.8
10774	4309.6
9803	3921.2
7804	3121.6
11147	4458.8
11185	4474.0
12069	4827.6
10731	4292.4
9852	3940.8
11348	4539.2
10404	4161.6
10466	4186.4
6768	2707.2
10128	4051.2
7675	3070.0
9963	3985.2
9728	3891.2
10227	4090.8
10159	4063.6
8517	3406.8
10897	4358.8
11768	4707.2
9171	3668.4
10540	4216.0
9827	3930.8
9281	3712.4
9488	3795.2
11049	4419.6
9638	3855.2
