289416	81576.4
227805	91122.0
264076	80563.4
264740	70589.0
174490	69796.0
125918	50367.2
83679	33471.6
53357	21342.8
57841	23136.4
26718	10687.2
40875	16350.0
38681	15472.4
20142	80560.8
32676	13070.4
28112	11244.8
30423	12169.2
25681	10272.4
28493	11397.2
29865	11946.0
28034	11213.6
30861	12344.4
27478	10991.2
30895	12358.0
28319	11327.6
31045	12418.0
32407	12962.8
26460	10584.0
33771	13508.4
33140	13256.0
25891	10356.4
32851	13140.4
25882	10352.8
31661	12664.4
29973	11989.2
28629	11451.6
25966	10386.4
29310	11724.0
28617	11446.8
31315	12526.0
27477	10990.8
30177	12070.8
28648	11459.2
33447	13378.8
30691	12276.4
27841	11136.4
31945	12778.0
28642	11456.8
29205	11682.0
28928	11571.2
32173	12869.2
27448	10979.2
33035	13214.0
27785	11114.0
32803	13121.2
32280	12912.0
29218	11687.2
32914	13165.6
27594	11037.6
32718	13087.2
32428	12971.2
27667	11066.8
28096	11238.4
27993	11197.2
31155	12462.0
30051	12020.4
31238	12495.2
27675	11070.0
27630	11052.0
33393	13357.2
27386	10954.4
33118	13247.2
31768	12707.2
27205	10882.0
27589	11035.6
29687	11874.8
30827	12330.8
32306	12922.4
28718	11487.2
31461	12584.4
29648	11859.2
30193	12077.2
30279	12111.6
29724	11889.6
30997	12398.8
30918	12367.2
30093	12037.2
29985	11994.0
31160	12464.0
30911	12364.4
27310	10924.0
29179	11671.6
31147	12458.8
30973	12389.2
29958	11983.2
32612	13044.8
28612	11444.8
32323	12929.2
26961	10784.4
28579	11431.6
28811	11524.4
31293	12517.2
26581	10632.4
32167	12866.8
28571	11428.4
27824	11129.6
31682	12672.8
30250	12100.0
27892	11156.8
31412	12564.8
30620	12248.0
31166	12466.4
32694	13077.6
32245	12898.0
29075	11630.0
30132	12052.8
30190	12076.0
29792	11916.8
26764	10705.6
29302	11720.8
29035	11614.0
28007	11202.8
31229	12491.6
28921	11568.4
30291	12116.4
31740	12696.0
32788	13115.2
32867	13146.8
29375	11750.0
28838	11535.2
31788	12715.2
25482	10192.8
27017	10806.8
29914	11965.6
30717	12286.8
27876	11150.4
31067	12426.8
31171	12468.4
28592	11436.8
30231	12092.4
29763	11905.2
32005	12802.0
29614	11845.6
28514	11405.6
31027	12410.8
26840	10736.0
27750	11100.0
33281	13312.4
29611	11844.4
28572	11428.8
31332	12532.8
29760	11904.0
33438	13375.2
27340	10936.0
31065	12426.0
29316	11726.4
31318	12527.2
29500	11800.0
28216	11286.4
31965	12786.0
29465	11786.0
29001	11600.4
30529	12211.6
30183	12073.2
29594	11837.6
27287	10914.8
31543	12617.2
31162	12464.8
27818	11127.2
32432	12972.8
30917	12366.8
31252	12500.8
31358	12543.2
30311	12124.4
28368	11347.2
32351	12940.4
32749	13099.6
26033	10413.2
31047	12418.8
30850	12340.0
28831	11532.4
28082	11232.8
27763	11105.2
31711	12684.4
28855	11542.0
32384	12953.6
29283	11713.2
28735	11494.0
31336	12534.4
29027	11610.8
31475	12590.0
28291	11316.4
30694	12277.6
31227	12490.8
27791	11116.4
29622	11848.8
28416	11366.4
31790	12716.0
27699	11079.6
29654	11861.6
31734	12693.6
28750	11500.0
29357	11742.8
31800	12720.0
31440	12576.0
27347	10938.8
31010	12404.0
31858	12743.2
29506	11802.4
30128	12051.2
31617	12646.8
32271	12908.4
26315	10526.0
30936	12374.4
28315	11326.0
30235	12094.0
33162	13264.8
27927	11170.8
31644	12657.6
27759	11103.6
29796	11918.4
31520	12608.0
30027	12010.8
27964	11185.6
28085	11234.0
31092	12436.8
29800	11920.0
29153	11661.2
30092	12036.8
31112	12444.8
32260	12904.0
27075	10830.0
32184	12873.6
28566	11426.4
31144	12457.6
31531	12612.4
33437	13374.8
29446	11778.4
28811	11524.4
29299	11719.6
28561	11424.4
30041	12016.4
27397	10958.8
31533	12613.2
31642	12656.8
28420	11368.0
31346	12538.4
29771	11908.4
27832	11132.8
29812	11924.8
32230	12892.0
29112	11644.8
30940	12376.0
30658	12263.2
29927	11970.8
30510	12204.0
29435	11774.0
27958	11183.2
30298	12119.2
31427	12570.8
29984	11993.6
28444	11377.6
32456	12982.4
30321	12128.4
27668	11067.2
30124	12049.6
29608	11843.2
30781	12312.4
30416	12166.4
28462	11384.8
30425	12170.0
28779	11511.6
31611	12644.4
30930	12372.0
29972	11988.8
28403	11361.2
31384	12553.6
30753	12301.2
30916	12366.4
31431	12572.4
32056	12822.4
26641	10656.4
30560	12224.0
28597	11438.8
30073	12029.2
31658	12663.2
30426	12170.4
31734	12693.6
26471	10588.4
31535	12614.0
28273	11309.2
31572	12628.8
29020	11608.0
28097	11238.8
29170	11668.0
28522	11408.8
30186	12074.4
31129	12451.6
29458	11783.2
31394	12557.6
29651	11860.4
33162	13264.8
32098	12839.2
32749	13099.6
28024	11209.6
27732	11092.8
30270	12108.0
27143	10857.2
31609	12643.6
28803	11521.2
29528	11811.2
29507	11802.8
32355	12942.0
28969	11587.6
31190	12476.0
31323	12529.2
29480	11792.0
27669	11067.6
28794	11517.6
29580	11832.0
29120	11648.0
27316	10926.4
32118	12847.2
30957	12382.8
30802	12320.8
29667	11866.8
29488	11795.2
33160	13264.0
27869	11147.6
31840	12736.0
29634	11853.6
27819	11127.6
29748	11899.2
29080	11632.0
31943	12777.2
27549	11019.6
29772	11908.8
32688	13075.2
33340	13336.0
31869	12747.6
32151	12860.4
27239	10895.6
31305	12522.0
26483	10593.2
30340	12136.0
28557	11422.8
30585	12234.0
28555	11422.0
30543	12217.2
29627	11850.8
28787	11514.8
32350	12940.0
30603	12241.2
28043	11217.2
29985	11994.0
29949	11979.6
31905	12762.0
28335	11334.0
28601	11440.4
29753	11901.2
32197	12878.8
28630	11452.0
30218	12087.2
31279	12511.6
31969	12787.6
31863	12745.2
27219	10887.6
30156	12062.4
28783	11513.2
31525	12610.0
32548	13019.2
31143	12457.2
28789	11515.6
27004	10801.6
29602	11840.8
26940	10776.0
27808	11123.2
32376	12950.4
28865	11546.0
32673	13069.2
29365	11746.0
33817	13526.8
27084	10833.6
30985	12394.0
29008	11603.2
32657	13062.8
31324	12529.6
29548	11819.2
29137	11654.8
29973	11989.2
30964	12385.6
26034	10413.6
31774	12709.6
29711	11884.4
25740	10296.0
30419	12167.6
31119	12447.6
30856	12342.4
27608	11043.2
29956	11982.4
30149	12059.6
31753	12701.2
30019	12007.6
31562	12624.8
30129	12051.6
27346	10938.4
33406	13362.4
28211	11284.4
28504	11401.6
32838	13135.2
31209	12483.6
32543	13017.2
26944	10777.6
32309	12923.6
27911	11164.4
30363	12145.2
30363	12145.2
30905	12362.0
29699	11879.6
28624	11449.6
29256	11702.4
28479	11391.6
29141	11656.4
31269	12507.6
28952	11580.8
30591	12236.4
29121	11648.4
30902	12360.8
31327	12530.8
31261	12504.4
29748	11899.2
27894	11157.6
28695	11478.0
31612	12644.8
32289	12915.6
30774	12309.6
29162	11664.8
27140	10856.0
29980	11992.0
30099	12039.6
30255	12102.0
31385	12554.0
31183	12473.2
29217	11686.8
29207	11682.8
28489	11395.6
27852	11140.8
30837	12334.8
31961	12784.4
27585	11034.0
30462	12184.8
31168	12467.2
31119	12447.6
30725	12290.0
31494	12597.6
31083	12433.2
28472	11388.8
30185	12074.0
29396	11758.4
29425	11770.0
28000	11200.0
29811	11924.4
29894	11957.6
30191	12076.4
31969	12787.6
31441	12576.4
31866	12746.4
28326	11330.4
31516	12606.4
28555	11422.0
29251	11700.4
27852	11140.8
29161	11664.4
30652	12260.8
31530	12612.0
26646	10658.4
32669	13067.6
29205	11682.0
32092	12836.8
32531	13012.4
32115	12846.0
27821	11128.4
33161	13264.4
25607	10242.8
28822	11528.8
31172	12468.8
28369	11347.6
30163	12065.2
27288	10915.2
30970	12388.0
32153	12861.2
30586	12234.4
27596	11038.4
32264	12905.6
30381	12152.4
30888	12355.2
30702	12280.8
26621	10648.4
31293	12517.2
29635	11854.0
28110	11244.0
289416	81576.4
227805	91122.0
264076	80563.4
264740	70589.0
174490	69796.0
125918	50367.2
83679	33471.6
53357	21342.8
57841	23136.4
26718	10687.2
40875	16350.0
38681	15472.4
20142	80560.8
32676	13070.4
28112	11244.8
30423	12169.2
25681	10272.4
28493	11397.2
29865	11946.0
28034	11213.6
30861	12344.4
27478	10991.2
30895	12358.0
28319	11327.6
31045	12418.0
32407	12962.8
26460	10584.0
33771	13508.4
33140	13256.0
25891	10356.4
32851	13140.4
25882	10352.8
31661	12664.4
29973	11989.2
28629	11451.6
25966	10386.4
29310	11724.0
28617	11446.8
31315	12526.0
27477	10990.8
30177	12070.8
28648	11459.2
33447	13378.8
30691	12276.4
27841	11136.4
31945	12778.0
28642	11456.8
29205	11682.0
28928	11571.2
32173	12869.2
27448	10979.2
33035	13214.0
27785	11114.0
32803	13121.2
32280	12912.0
29218	11687.2
32914	13165.6
27594	11037.6
32718	13087.2
32428	12971.2
27667	11066.8
28096	11238.4
27993	11197.2
31155	12462.0
30051	12020.4
31238	12495.2
27675	11070.0
27630	11052.0
33393	13357.2
27386	10954.4
33118	13247.2
31768	12707.2
27205	10882.0
27589	11035.6
29687	11874.8
30827	12330.8
32306	12922.4
28718	11487.2
31461	12584.4
29648	11859.2
30193	12077.2
30279	12111.6
29724	11889.6
30997	12398.8
30918	12367.2
30093	12037.2
29985	11994.0
31160	12464.0
30911	12364.4
27310	10924.0
29179	11671.6
31147	12458.8
30973	12389.2
29958	11983.2
32612	13044.8
28612	11444.8
32323	12929.2
26961	10784.4
28579	11431.6
28811	11524.4
31293	12517.2
26581	10632.4
32167	12866.8
28571	11428.4
27824	11129.6
31682	12672.8
30250	12100.0
27892	11156.8
31412	12564.8
30620	12248.0
31166	12466.4
32694	13077.6
32245	12898.0
29075	11630.0
30132	12052.8
30190	12076.0
29792	11916.8
26764	10705.6
29302	11720.8
29035	11614.0
28007	11202.8
31229	12491.6
28921	11568.4
30291	12116.4
31740	12696.0
32788	13115.2
32867	13146.8
29375	11750.0
28838	11535.2
31788	12715.2
25482	10192.8
27017	10806.8
29914	11965.6
30717	12286.8
27876	11150.4
31067	12426.8
31171	12468.4
28592	11436.8
30231	12092.4
29763	11905.2
32005	12802.0
29614	11845.6
28514	11405.6
31027	12410.8
26840	10736.0
27750	11100.0
33281	13312.4
29611	11844.4
28572	11428.8
31332	12532.8
29760	11904.0
33438	13375.2
27340	10936.0
31065	12426.0
29316	11726.4
31318	12527.2
29500	11800.0
28216	11286.4
31965	12786.0
29465	11786.0
29001	11600.4
30529	12211.6
30183	12073.2
29594	11837.6
27287	10914.8
31543	12617.2
31162	12464.8
27818	11127.2
32432	12972.8
30917	12366.8
31252	12500.8
31358	12543.2
30311	12124.4
28368	11347.2
32351	12940.4
32749	13099.6
26033	10413.2
31047	12418.8
30850	12340.0
28831	11532.4
28082	11232.8
27763	11105.2
31711	12684.4
28855	11542.0
32384	12953.6
29283	11713.2
28735	11494.0
31336	12534.4
29027	11610.8
31475	12590.0
28291	11316.4
30694	12277.6
31227	12490.8
27791	11116.4
29622	11848.8
28416	11366.4
31790	12716.0
27699	11079.6
29654	11861.6
31734	12693.6
28750	11500.0
29357	11742.8
31800	12720.0
31440	12576.0
27347	10938.8
31010	12404.0
31858	12743.2
29506	11802.4
30128	12051.2
31617	12646.8
32271	12908.4
26315	10526.0
30936	12374.4
28315	11326.0
30235	12094.0
33162	13264.8
27927	11170.8
31644	12657.6
27759	11103.6
29796	11918.4
31520	12608.0
30027	12010.8
27964	11185.6
28085	11234.0
31092	12436.8
29800	11920.0
29153	11661.2
30092	12036.8
31112	12444.8
32260	12904.0
27075	10830.0
32184	12873.6
28566	11426.4
31144	12457.6
31531	12612.4
33437	13374.8
29446	11778.4
28811	11524.4
29299	11719.6
28561	11424.4
30041	12016.4
27397	10958.8
31533	12613.2
31642	12656.8
28420	11368.0
31346	12538.4
29771	11908.4
27832	11132.8
29812	11924.8
32230	12892.0
29112	11644.8
30940	12376.0
30658	12263.2
29927	11970.8
30510	12204.0
29435	11774.0
27958	11183.2
30298	12119.2
31427	12570.8
29984	11993.6
28444	11377.6
32456	12982.4
30321	12128.4
27668	11067.2
30124	12049.6
29608	11843.2
30781	12312.4
30416	12166.4
28462	11384.8
30425	12170.0
28779	11511.6
31611	12644.4
30930	12372.0
29972	11988.8
28403	11361.2
31384	12553.6
30753	12301.2
30916	12366.4
31431	12572.4
32056	12822.4
26641	10656.4
30560	12224.0
28597	11438.8
30073	12029.2
31658	12663.2
30426	12170.4
31734	12693.6
26471	10588.4
31535	12614.0
28273	11309.2
31572	12628.8
29020	11608.0
28097	11238.8
29170	11668.0
28522	11408.8
30186	12074.4
31129	12451.6
29458	11783.2
31394	12557.6
29651	11860.4
33162	13264.8
32098	12839.2
32749	13099.6
28024	11209.6
27732	11092.8
30270	12108.0
27143	10857.2
31609	12643.6
28803	11521.2
29528	11811.2
29507	11802.8
32355	12942.0
28969	11587.6
31190	12476.0
31323	12529.2
29480	11792.0
27669	11067.6
28794	11517.6
29580	11832.0
29120	11648.0
27316	10926.4
32118	12847.2
30957	12382.8
30802	12320.8
29667	11866.8
29488	11795.2
33160	13264.0
27869	11147.6
31840	12736.0
29634	11853.6
27819	11127.6
29748	11899.2
29080	11632.0
31943	12777.2
27549	11019.6
29772	11908.8
32688	13075.2
33340	13336.0
31869	12747.6
32151	12860.4
27239	10895.6
31305	12522.0
26483	10593.2
30340	12136.0
28557	11422.8
30585	12234.0
28555	11422.0
30543	12217.2
29627	11850.8
28787	11514.8
32350	12940.0
30603	12241.2
28043	11217.2
29985	11994.0
29949	11979.6
31905	12762.0
28335	11334.0
28601	11440.4
29753	11901.2
32197	12878.8
28630	11452.0
30218	12087.2
31279	12511.6
31969	12787.6
31863	12745.2
27219	10887.6
30156	12062.4
28783	11513.2
31525	12610.0
32548	13019.2
31143	12457.2
28789	11515.6
27004	10801.6
29602	11840.8
26940	10776.0
27808	11123.2
32376	12950.4
28865	11546.0
32673	13069.2
29365	11746.0
33817	13526.8
27084	10833.6
30985	12394.0
29008	11603.2
32657	13062.8
31324	12529.6
29548	11819.2
29137	11654.8
29973	11989.2
30964	12385.6
26034	10413.6
31774	12709.6
29711	11884.4
25740	10296.0
30419	12167.6
31119	12447.6
30856	12342.4
27608	11043.2
29956	11982.4
30149	12059.6
31753	12701.2
30019	12007.6
31562	12624.8
30129	12051.6
27346	10938.4
33406	13362.4
28211	11284.4
28504	11401.6
32838	13135.2
31209	12483.6
32543	13017.2
26944	10777.6
32309	12923.6
27911	11164.4
30363	12145.2
30363	12145.2
30905	12362.0
29699	11879.6
28624	11449.6
29256	11702.4
28479	11391.6
29141	11656.4
31269	12507.6
28952	11580.8
30591	12236.4
29121	11648.4
30902	12360.8
31327	12530.8
31261	12504.4
29748	11899.2
27894	11157.6
28695	11478.0
31612	12644.8
32289	12915.6
30774	12309.6
29162	11664.8
27140	10856.0
29980	11992.0
30099	12039.6
30255	12102.0
31385	12554.0
31183	12473.2
29217	11686.8
29207	11682.8
28489	11395.6
27852	11140.8
30837	12334.8
31961	12784.4
27585	11034.0
30462	12184.8
31168	12467.2
31119	12447.6
30725	12290.0
31494	12597.6
31083	12433.2
28472	11388.8
30185	12074.0
29396	11758.4
29425	11770.0
28000	11200.0
29811	11924.4
29894	11957.6
30191	12076.4
31969	12787.6
31441	12576.4
31866	12746.4
28326	11330.4
31516	12606.4
28555	11422.0
29251	11700.4
27852	11140.8
29161	11664.4
30652	12260.8
31530	12612.0
26646	10658.4
32669	13067.6
29205	11682.0
32092	12836.8
32531	13012.4
32115	12846.0
27821	11128.4
33161	13264.4
25607	10242.8
28822	11528.8
31172	12468.8
28369	11347.6
30163	12065.2
27288	10915.2
30970	12388.0
32153	12861.2
30586	12234.4
27596	11038.4
32264	12905.6
30381	12152.4
30888	12355.2
30702	12280.8
26621	10648.4
31293	12517.2
29635	11854.0
28110	11244.0
289416	81576.4
227805	91122.0
264076	80563.4
264740	70589.0
174490	69796.0
125918	50367.2
83679	33471.6
53357	21342.8
57841	23136.4
26718	10687.2
40875	16350.0
38681	15472.4
20142	80560.8
32676	13070.4
28112	11244.8
30423	12169.2
25681	10272.4
28493	11397.2
29865	11946.0
28034	11213.6
30861	12344.4
27478	10991.2
30895	12358.0
28319	11327.6
31045	12418.0
32407	12962.8
26460	10584.0
33771	13508.4
33140	13256.0
25891	10356.4
32851	13140.4
25882	10352.8
31661	12664.4
29973	11989.2
28629	11451.6
25966	10386.4
29310	11724.0
28617	11446.8
31315	12526.0
27477	10990.8
30177	12070.8
28648	11459.2
33447	13378.8
30691	12276.4
27841	11136.4
31945	12778.0
28642	11456.8
29205	11682.0
28928	11571.2
32173	12869.2
27448	10979.2
33035	13214.0
27785	11114.0
32803	13121.2
32280	12912.0
29218	11687.2
32914	13165.6
27594	11037.6
32718	13087.2
32428	12971.2
27667	11066.8
28096	11238.4
27993	11197.2
31155	12462.0
30051	12020.4
31238	12495.2
27675	11070.0
27630	11052.0
33393	13357.2
27386	10954.4
33118	13247.2
31768	12707.2
27205	10882.0
27589	11035.6
29687	11874.8
30827	12330.8
32306	12922.4
28718	11487.2
31461	12584.4
29648	11859.2
30193	12077.2
30279	12111.6
29724	11889.6
30997	12398.8
30918	12367.2
30093	12037.2
29985	11994.0
31160	12464.0
30911	12364.4
27310	10924.0
29179	11671.6
31147	12458.8
30973	12389.2
29958	11983.2
32612	13044.8
28612	11444.8
32323	12929.2
26961	10784.4
28579	11431.6
28811	11524.4
31293	12517.2
26581	10632.4
32167	12866.8
28571	11428.4
27824	11129.6
31682	12672.8
30250	12100.0
27892	11156.8
31412	12564.8
30620	12248.0
31166	12466.4
32694	13077.6
32245	12898.0
29075	11630.0
30132	12052.8
30190	12076.0
29792	11916.8
26764	10705.6
29302	11720.8
29035	11614.0
28007	11202.8
31229	12491.6
28921	11568.4
30291	12116.4
31740	12696.0
32788	13115.2
32867	13146.8
29375	11750.0
28838	11535.2
31788	12715.2
25482	10192.8
27017	10806.8
29914	11965.6
30717	12286.8
27876	11150.4
31067	12426.8
31171	12468.4
28592	11436.8
30231	12092.4
29763	11905.2
32005	12802.0
29614	11845.6
28514	11405.6
31027	12410.8
26840	10736.0
27750	11100.0
33281	13312.4
29611	11844.4
28572	11428.8
31332	12532.8
29760	11904.0
33438	13375.2
27340	10936.0
31065	12426.0
29316	11726.4
31318	12527.2
29500	11800.0
28216	11286.4
31965	12786.0
29465	11786.0
29001	11600.4
30529	12211.6
30183	12073.2
29594	11837.6
27287	10914.8
31543	12617.2
31162	12464.8
27818	11127.2
32432	12972.8
30917	12366.8
31252	12500.8
31358	12543.2
30311	12124.4
28368	11347.2
32351	12940.4
32749	13099.6
26033	10413.2
31047	12418.8
30850	12340.0
28831	11532.4
28082	11232.8
27763	11105.2
31711	12684.4
28855	11542.0
32384	12953.6
29283	11713.2
28735	11494.0
31336	12534.4
29027	11610.8
31475	12590.0
28291	11316.4
30694	12277.6
31227	12490.8
27791	11116.4
29622	11848.8
28416	11366.4
31790	12716.0
27699	11079.6
29654	11861.6
31734	12693.6
28750	11500.0
29357	11742.8
31800	12720.0
31440	12576.0
27347	10938.8
31010	12404.0
31858	12743.2
29506	11802.4
30128	12051.2
31617	12646.8
32271	12908.4
26315	10526.0
30936	12374.4
28315	11326.0
30235	12094.0
33162	13264.8
27927	11170.8
31644	12657.6
27759	11103.6
29796	11918.4
31520	12608.0
30027	12010.8
27964	11185.6
28085	11234.0
31092	12436.8
29800	11920.0
29153	11661.2
30092	12036.8
31112	12444.8
32260	12904.0
27075	10830.0
32184	12873.6
28566	11426.4
31144	12457.6
31531	12612.4
33437	13374.8
29446	11778.4
28811	11524.4
29299	11719.6
28561	11424.4
30041	12016.4
27397	10958.8
31533	12613.2
31642	12656.8
28420	11368.0
31346	12538.4
29771	11908.4
27832	11132.8
29812	11924.8
32230	12892.0
29112	11644.8
30940	12376.0
30658	12263.2
29927	11970.8
30510	12204.0
29435	11774.0
27958	11183.2
30298	12119.2
31427	12570.8
29984	11993.6
28444	11377.6
32456	12982.4
30321	12128.4
27668	11067.2
30124	12049.6
29608	11843.2
30781	12312.4
30416	12166.4
28462	11384.8
30425	12170.0
28779	11511.6
31611	12644.4
30930	12372.0
29972	11988.8
28403	11361.2
31384	12553.6
30753	12301.2
30916	12366.4
31431	12572.4
32056	12822.4
26641	10656.4
30560	12224.0
28597	11438.8
30073	12029.2
31658	12663.2
30426	12170.4
31734	12693.6
26471	10588.4
31535	12614.0
28273	11309.2
31572	12628.8
29020	11608.0
28097	11238.8
29170	11668.0
28522	11408.8
30186	12074.4
31129	12451.6
29458	11783.2
31394	12557.6
29651	11860.4
33162	13264.8
32098	12839.2
32749	13099.6
28024	11209.6
27732	11092.8
30270	12108.0
27143	10857.2
31609	12643.6
28803	11521.2
29528	11811.2
29507	11802.8
32355	12942.0
28969	11587.6
31190	12476.0
31323	12529.2
29480	11792.0
27669	11067.6
28794	11517.6
29580	11832.0
29120	11648.0
27316	10926.4
32118	12847.2
30957	12382.8
30802	12320.8
29667	11866.8
29488	11795.2
33160	13264.0
27869	11147.6
31840	12736.0
29634	11853.6
27819	11127.6
29748	11899.2
29080	11632.0
31943	12777.2
27549	11019.6
29772	11908.8
32688	13075.2
33340	13336.0
31869	12747.6
32151	12860.4
27239	10895.6
31305	12522.0
26483	10593.2
30340	12136.0
28557	11422.8
30585	12234.0
28555	11422.0
30543	12217.2
29627	11850.8
28787	11514.8
32350	12940.0
30603	12241.2
28043	11217.2
29985	11994.0
29949	11979.6
31905	12762.0
28335	11334.0
28601	11440.4
29753	11901.2
32197	12878.8
28630	11452.0
30218	12087.2
31279	12511.6
31969	12787.6
31863	12745.2
27219	10887.6
30156	12062.4
28783	11513.2
31525	12610.0
32548	13019.2
31143	12457.2
28789	11515.6
27004	10801.6
29602	11840.8
26940	10776.0
27808	11123.2
32376	12950.4
28865	11546.0
32673	13069.2
29365	11746.0
33817	13526.8
27084	10833.6
30985	12394.0
29008	11603.2
32657	13062.8
31324	12529.6
29548	11819.2
29137	11654.8
29973	11989.2
30964	12385.6
26034	10413.6
31774	12709.6
29711	11884.4
25740	10296.0
30419	12167.6
31119	12447.6
30856	12342.4
27608	11043.2
29956	11982.4
30149	12059.6
31753	12701.2
30019	12007.6
31562	12624.8
30129	12051.6
27346	10938.4
33406	13362.4
28211	11284.4
28504	11401.6
32838	13135.2
31209	12483.6
32543	13017.2
26944	10777.6
32309	12923.6
27911	11164.4
30363	12145.2
30363	12145.2
30905	12362.0
29699	11879.6
28624	11449.6
29256	11702.4
28479	11391.6
29141	11656.4
31269	12507.6
28952	11580.8
30591	12236.4
29121	11648.4
30902	12360.8
31327	12530.8
31261	12504.4
29748	11899.2
27894	11157.6
28695	11478.0
31612	12644.8
32289	12915.6
30774	12309.6
29162	11664.8
27140	10856.0
29980	11992.0
30099	12039.6
30255	12102.0
31385	12554.0
31183	12473.2
29217	11686.8
29207	11682.8
28489	11395.6
27852	11140.8
30837	12334.8
31961	12784.4
27585	11034.0
30462	12184.8
31168	12467.2
31119	12447.6
30725	12290.0
31494	12597.6
31083	12433.2
28472	11388.8
30185	12074.0
29396	11758.4
29425	11770.0
28000	11200.0
29811	11924.4
29894	11957.6
30191	12076.4
31969	12787.6
31441	12576.4
31866	12746.4
28326	11330.4
31516	12606.4
28555	11422.0
29251	11700.4
27852	11140.8
29161	11664.4
30652	12260.8
31530	12612.0
26646	10658.4
32669	13067.6
29205	11682.0
32092	12836.8
32531	13012.4
32115	12846.0
27821	11128.4
33161	13264.4
25607	10242.8
28822	11528.8
31172	12468.8
28369	11347.6
30163	12065.2
27288	10915.2
30970	12388.0
32153	12861.2
30586	12234.4
27596	11038.4
32264	12905.6
30381	12152.4
30888	12355.2
30702	12280.8
26621	10648.4
31293	12517.2
29635	11854.0
28110	11244.0
289416	81576.4
227805	91122.0
264076	80563.4
264740	70589.0
174490	69796.0
125918	50367.2
83679	33471.6
53357	21342.8
57841	23136.4
26718	10687.2
40875	16350.0
38681	15472.4
20142	80560.8
32676	13070.4
28112	11244.8
30423	12169.2
25681	10272.4
28493	11397.2
29865	11946.0
28034	11213.6
30861	12344.4
27478	10991.2
30895	12358.0
28319	11327.6
31045	12418.0
32407	12962.8
26460	10584.0
33771	13508.4
33140	13256.0
25891	10356.4
32851	13140.4
25882	10352.8
31661	12664.4
29973	11989.2
28629	11451.6
25966	10386.4
29310	11724.0
28617	11446.8
31315	12526.0
27477	10990.8
30177	12070.8
28648	11459.2
33447	13378.8
30691	12276.4
27841	11136.4
31945	12778.0
28642	11456.8
29205	11682.0
28928	11571.2
32173	12869.2
27448	10979.2
33035	13214.0
27785	11114.0
32803	13121.2
32280	12912.0
29218	11687.2
32914	13165.6
27594	11037.6
32718	13087.2
32428	12971.2
27667	11066.8
28096	11238.4
27993	11197.2
31155	12462.0
30051	12020.4
31238	12495.2
27675	11070.0
27630	11052.0
33393	13357.2
27386	10954.4
33118	13247.2
31768	12707.2
27205	10882.0
27589	11035.6
29687	11874.8
30827	12330.8
32306	12922.4
28718	11487.2
31461	12584.4
29648	11859.2
30193	12077.2
30279	12111.6
29724	11889.6
30997	12398.8
30918	12367.2
30093	12037.2
29985	11994.0
31160	12464.0
30911	12364.4
27310	10924.0
29179	11671.6
31147	12458.8
30973	12389.2
29958	11983.2
32612	13044.8
28612	11444.8
32323	12929.2
26961	10784.4
28579	11431.6
28811	11524.4
31293	12517.2
26581	10632.4
32167	12866.8
28571	11428.4
27824	11129.6
31682	12672.8
30250	12100.0
27892	11156.8
31412	12564.8
30620	12248.0
31166	12466.4
32694	13077.6
32245	12898.0
29075	11630.0
30132	12052.8
30190	12076.0
29792	11916.8
26764	10705.6
29302	11720.8
29035	11614.0
28007	11202.8
31229	12491.6
28921	11568.4
30291	12116.4
31740	12696.0
32788	13115.2
32867	13146.8
29375	11750.0
28838	11535.2
31788	12715.2
25482	10192.8
27017	10806.8
29914	11965.6
30717	12286.8
27876	11150.4
31067	12426.8
31171	12468.4
28592	11436.8
30231	12092.4
29763	11905.2
32005	12802.0
29614	11845.6
28514	11405.6
31027	12410.8
26840	10736.0
27750	11100.0
33281	13312.4
29611	11844.4
28572	11428.8
31332	12532.8
29760	11904.0
33438	13375.2
27340	10936.0
31065	12426.0
29316	11726.4
31318	12527.2
29500	11800.0
28216	11286.4
31965	12786.0
29465	11786.0
29001	11600.4
30529	12211.6
30183	12073.2
29594	11837.6
27287	10914.8
31543	12617.2
31162	12464.8
27818	11127.2
32432	12972.8
30917	12366.8
31252	12500.8
31358	12543.2
30311	12124.4
28368	11347.2
32351	12940.4
32749	13099.6
26033	10413.2
31047	12418.8
30850	12340.0
28831	11532.4
28082	11232.8
27763	11105.2
31711	12684.4
28855	11542.0
32384	12953.6
29283	11713.2
28735	11494.0
31336	12534.4
29027	11610.8
31475	12590.0
28291	11316.4
30694	12277.6
31227	12490.8
27791	11116.4
29622	11848.8
28416	11366.4
31790	12716.0
27699	11079.6
29654	11861.6
31734	12693.6
28750	11500.0
29357	11742.8
31800	12720.0
31440	12576.0
27347	10938.8
31010	12404.0
31858	12743.2
29506	11802.4
30128	12051.2
31617	12646.8
32271	12908.4
26315	10526.0
30936	12374.4
28315	11326.0
30235	12094.0
33162	13264.8
27927	11170.8
31644	12657.6
27759	11103.6
29796	11918.4
31520	12608.0
30027	12010.8
27964	11185.6
28085	11234.0
31092	12436.8
29800	11920.0
29153	11661.2
30092	12036.8
31112	12444.8
32260	12904.0
27075	10830.0
32184	12873.6
28566	11426.4
31144	12457.6
31531	12612.4
33437	13374.8
29446	11778.4
28811	11524.4
29299	11719.6
28561	11424.4
30041	12016.4
27397	10958.8
31533	12613.2
31642	12656.8
28420	11368.0
31346	12538.4
29771	11908.4
27832	11132.8
29812	11924.8
32230	12892.0
29112	11644.8
30940	12376.0
30658	12263.2
29927	11970.8
30510	12204.0
29435	11774.0
27958	11183.2
30298	12119.2
31427	12570.8
29984	11993.6
28444	11377.6
32456	12982.4
30321	12128.4
27668	11067.2
30124	12049.6
29608	11843.2
30781	12312.4
30416	12166.4
28462	11384.8
30425	12170.0
28779	11511.6
31611	12644.4
30930	12372.0
29972	11988.8
28403	11361.2
31384	12553.6
30753	12301.2
30916	12366.4
31431	12572.4
32056	12822.4
26641	10656.4
30560	12224.0
28597	11438.8
30073	12029.2
31658	12663.2
30426	12170.4
31734	12693.6
26471	10588.4
31535	12614.0
28273	11309.2
31572	12628.8
29020	11608.0
28097	11238.8
29170	11668.0
28522	11408.8
30186	12074.4
31129	12451.6
29458	11783.2
31394	12557.6
29651	11860.4
33162	13264.8
32098	12839.2
32749	13099.6
28024	11209.6
27732	11092.8
30270	12108.0
27143	10857.2
31609	12643.6
28803	11521.2
29528	11811.2
29507	11802.8
32355	12942.0
28969	11587.6
31190	12476.0
31323	12529.2
29480	11792.0
27669	11067.6
28794	11517.6
29580	11832.0
29120	11648.0
27316	10926.4
32118	12847.2
30957	12382.8
30802	12320.8
29667	11866.8
29488	11795.2
33160	13264.0
27869	11147.6
31840	12736.0
29634	11853.6
27819	11127.6
29748	11899.2
29080	11632.0
31943	12777.2
27549	11019.6
29772	11908.8
32688	13075.2
33340	13336.0
31869	12747.6
32151	12860.4
27239	10895.6
31305	12522.0
26483	10593.2
30340	12136.0
28557	11422.8
30585	12234.0
28555	11422.0
30543	12217.2
29627	11850.8
28787	11514.8
32350	12940.0
30603	12241.2
28043	11217.2
29985	11994.0
29949	11979.6
31905	12762.0
28335	11334.0
28601	11440.4
29753	11901.2
32197	12878.8
28630	11452.0
30218	12087.2
31279	12511.6
31969	12787.6
31863	12745.2
27219	10887.6
30156	12062.4
28783	11513.2
31525	12610.0
32548	13019.2
31143	12457.2
28789	11515.6
27004	10801.6
29602	11840.8
26940	10776.0
27808	11123.2
32376	12950.4
28865	11546.0
32673	13069.2
29365	11746.0
33817	13526.8
27084	10833.6
30985	12394.0
29008	11603.2
32657	13062.8
31324	12529.6
29548	11819.2
29137	11654.8
29973	11989.2
30964	12385.6
26034	10413.6
31774	12709.6
29711	11884.4
25740	10296.0
30419	12167.6
31119	12447.6
30856	12342.4
27608	11043.2
29956	11982.4
30149	12059.6
31753	12701.2
30019	12007.6
31562	12624.8
30129	12051.6
27346	10938.4
33406	13362.4
28211	11284.4
28504	11401.6
32838	13135.2
31209	12483.6
32543	13017.2
26944	10777.6
32309	12923.6
27911	11164.4
30363	12145.2
30363	12145.2
30905	12362.0
29699	11879.6
28624	11449.6
29256	11702.4
28479	11391.6
29141	11656.4
31269	12507.6
28952	11580.8
30591	12236.4
29121	11648.4
30902	12360.8
31327	12530.8
31261	12504.4
29748	11899.2
27894	11157.6
28695	11478.0
31612	12644.8
32289	12915.6
30774	12309.6
29162	11664.8
27140	10856.0
29980	11992.0
30099	12039.6
30255	12102.0
31385	12554.0
31183	12473.2
29217	11686.8
29207	11682.8
28489	11395.6
27852	11140.8
30837	12334.8
31961	12784.4
27585	11034.0
30462	12184.8
31168	12467.2
31119	12447.6
30725	12290.0
31494	12597.6
31083	12433.2
28472	11388.8
30185	12074.0
29396	11758.4
29425	11770.0
28000	11200.0
29811	11924.4
29894	11957.6
30191	12076.4
31969	12787.6
31441	12576.4
31866	12746.4
28326	11330.4
31516	12606.4
28555	11422.0
29251	11700.4
27852	11140.8
29161	11664.4
30652	12260.8
31530	12612.0
26646	10658.4
32669	13067.6
29205	11682.0
32092	12836.8
32531	13012.4
32115	12846.0
27821	11128.4
33161	13264.4
25607	10242.8
28822	11528.8
31172	12468.8
28369	11347.6
30163	12065.2
27288	10915.2
30970	12388.0
32153	12861.2
30586	12234.4
27596	11038.4
32264	12905.6
30381	12152.4
30888	12355.2
30702	12280.8
26621	10648.4
31293	12517.2
29635	11854.0
28110	11244.0
