289414	6557.6
162987	6519.8
193297	7731.8
177466	7098.4
52834	5113.6
68329	5733.6
24290	9716.0
39547	1581.8
16762	6704.8
26242	1049.8
24848	9939.2
25867	1034.8
16876	6750.4
21889	8755.6
20423	8169.2
21391	8556.4
21414	8565.6
16581	6632.4
19674	7869.6
18896	7558.4
19972	7988.8
14894	5957.6
18174	7269.6
16475	6590.0
18987	7594.8
21734	8693.6
19328	7731.2
20514	8205.6
18618	7447.2
18577	7430.8
16784	6713.6
20889	8355.6
20712	8284.8
18070	7228.0
21158	8463.2
20734	8293.6
17518	7007.2
22190	8876.0
21007	8402.8
20853	8341.2
20095	8038.0
18579	7431.6
20070	8028.0
20162	8064.8
16680	6672.0
20665	8266.0
19117	7646.8
19030	7612.0
21566	8626.4
20716	8286.4
21994	8797.6
21206	8482.4
20265	8106.0
20941	8376.4
19739	7895.6
17614	7045.6
20165	8066.0
21420	8568.0
20057	8022.8
20530	8212.0
19550	7820.0
17988	7195.2
19970	7988.0
18194	7277.6
20661	8264.4
19044	7617.6
19977	7990.8
19818	7927.2
19463	7785.2
21076	8430.4
20542	8216.8
18636	7454.4
21573	8629.2
20582	8232.8
19537	7814.8
21764	8705.6
18274	7309.6
21536	8614.4
21016	8406.4
18727	7490.8
21493	8597.2
18293	7317.2
21403	8561.2
18060	7224.0
19180	7672.0
19294	7717.6
19888	7955.2
22166	8866.4
20548	8219.2
18913	7565.2
19791	7916.4
19306	7722.4
19021	7608.4
21087	8434.8
20945	8378.0
19612	7844.8
21134	8453.6
18969	7587.6
19490	7796.0
18613	7445.2
19623	7849.2
18354	7341.6
20988	8395.2
21084	8433.6
18590	7436.0
19139	7655.6
20148	8059.2
21453	8581.2
19481	7792.4
21447	8578.8
21173	8469.2
21236	8494.4
17602	7040.8
21326	8530.4
19819	7927.6
20336	8134.4
20923	8369.2
20839	8335.6
20572	8228.8
18364	7345.6
20703	8281.2
18462	7384.8
20635	8254.0
17697	7078.8
20435	8174.0
21246	8498.4
21917	8766.8
22760	9104.0
17901	7160.4
21140	8456.0
19129	7651.6
20702	8280.8
17577	7030.8
20975	8390.0
19100	7640.0
19869	7947.6
18970	7588.0
21732	8692.8
20924	8369.6
20714	8285.6
20906	8362.4
17718	7087.2
18677	7470.8
18709	7483.6
20587	8234.8
18522	7408.8
21175	8470.0
18231	7292.4
21029	8411.6
20156	8062.4
19693	7877.2
20382	8152.8
21634	8653.6
18795	7518.0
21075	8430.0
19847	7938.8
19473	7789.2
19345	7738.0
18842	7536.8
19718	7887.2
21012	8404.8
19384	7753.6
18726	7490.4
21336	8534.4
21045	8418.0
21653	8661.2
21066	8426.4
20156	8062.4
18061	7224.4
20982	8392.8
18729	7491.6
20736	8294.4
16643	6657.2
20017	8006.8
19577	7830.8
21798	8719.2
20458	8183.2
20780	8312.0
21867	8746.8
19097	7638.8
20048	8019.2
19182	7672.8
19330	7732.0
19373	7749.2
21029	8411.6
20441	8176.4
21035	8414.0
21494	8597.6
21419	8567.6
21525	8610.0
21916	8766.4
17589	7035.6
18793	7517.2
17191	6876.4
18909	7563.6
19321	7728.4
19953	7981.2
19871	7948.4
19561	7824.4
20204	8081.6
20997	8398.8
21562	8624.8
19044	7617.6
20757	8302.8
20286	8114.4
18750	7500.0
20245	8098.0
18456	7382.4
19981	7992.4
20763	8305.2
21535	8614.0
18684	7473.6
18902	7560.8
19254	7701.6
20946	8378.4
19830	7932.0
18372	7348.8
19076	7630.4
21016	8406.4
19439	7775.6
20352	8140.8
21516	8606.4
18372	7348.8
21219	8487.6
20354	8141.6
21642	8656.8
18890	7556.0
20946	8378.4
19672	7868.8
18506	7402.4
20242	8096.8
21677	8670.8
20613	8245.2
18504	7401.6
19718	7887.2
19497	7798.8
19904	7961.6
21232	8492.8
20689	8275.6
20634	8253.6
20777	8310.8
19606	7842.4
18759	7503.6
20775	8310.0
19648	7859.2
19157	7662.8
20523	8209.2
18071	7228.4
21528	8611.2
20196	8078.4
19402	7760.8
20599	8239.6
19884	7953.6
20490	8196.0
20399	8159.6
22000	8800.0
19223	7689.2
18693	7477.2
20117	8046.8
19933	7973.2
19467	7786.8
21371	8548.4
18248	7299.2
19817	7926.8
18889	7555.6
20415	8166.0
19521	7808.4
19435	7774.0
21359	8543.6
20839	8335.6
20437	8174.8
20283	8113.2
19179	7671.6
20442	8176.8
21586	8634.4
18910	7564.0
20950	8380.0
19546	7818.4
21182	8472.8
20445	8178.0
19153	7661.2
19459	7783.6
20998	8399.2
20208	8083.2
21429	8571.6
19692	7876.8
19452	7780.8
19741	7896.4
18726	7490.4
18251	7300.4
20372	8148.8
18730	7492.0
20089	8035.6
20731	8292.4
21620	8648.0
20704	8281.6
19873	7949.2
19343	7737.2
18804	7521.6
20626	8250.4
17851	7140.4
21649	8659.6
19102	7640.8
20697	8278.8
18903	7561.2
19621	7848.4
21004	8401.6
20504	8201.6
19229	7691.6
21299	8519.6
19061	7624.4
21045	8418.0
21312	8524.8
21620	8648.0
22116	8846.4
22495	8998.0
20783	8313.2
21142	8456.8
20851	8340.4
22294	8917.6
20445	8178.0
19102	7640.8
18520	7408.0
17726	7090.4
18821	7528.4
20899	8359.6
21212	8484.8
20908	8363.2
21849	8739.6
19693	7877.2
20024	8009.6
20194	8077.6
19995	7998.0
18437	7374.8
21980	8792.0
20241	8096.4
21160	8464.0
21201	8480.4
21877	8750.8
21158	8463.2
21955	8782.0
20512	8204.8
20506	8202.4
17336	6934.4
21305	8522.0
20553	8221.2
22060	8824.0
17629	7051.6
19184	7673.6
19005	7602.0
21879	8751.6
22146	8858.4
21839	8735.6
20272	8108.8
20192	8076.8
18594	7437.6
19129	7651.6
15362	6144.8
19745	7898.0
21767	8706.8
18090	7236.0
19312	7724.8
22147	8858.8
20426	8170.4
19372	7748.8
21999	8799.6
20032	8012.8
21148	8459.2
19051	7620.4
20576	8230.4
16087	6434.8
21936	8774.4
20737	8294.8
16847	6738.8
19236	7694.4
21643	8657.2
21791	8716.4
22044	8817.6
22598	9039.2
22141	8856.4
17426	6970.4
18918	7567.2
19669	7867.6
18613	7445.2
16758	6703.2
18219	7287.6
21394	8557.6
20988	8395.2
22587	9034.8
20092	8036.8
20111	8044.4
20141	8056.4
18624	7449.6
18175	7270.0
19495	7798.0
21261	8504.4
21996	8798.4
19798	7919.2
19150	7660.0
19625	7850.0
21994	8797.6
21001	8400.4
21716	8686.4
21058	8423.2
18538	7415.2
19647	7858.8
16235	6494.0
18333	7333.2
19110	7644.0
20585	8234.0
20769	8307.6
21638	8655.2
19261	7704.4
18668	7467.2
21034	8413.6
21747	8698.8
19855	7942.0
19617	7846.8
19699	7879.6
20866	8346.4
16331	6532.4
20893	8357.2
19412	7764.8
20520	8208.0
19736	7894.4
21757	8702.8
22200	8880.0
21884	8753.6
20252	8100.8
20506	8202.4
16082	6432.8
20030	8012.0
20457	8182.8
16814	6725.6
21483	8593.2
21083	8433.2
20787	8314.8
21909	8763.6
19130	7652.0
17794	7117.6
21615	8646.0
18601	7440.4
18895	7558.0
18950	7580.0
19701	7880.4
21950	8780.0
20616	8246.4
20185	8074.0
19211	7684.4
19531	7812.4
22260	8904.0
21238	8495.2
20751	8300.4
19697	7878.8
19551	7820.4
18735	7494.0
19539	7815.6
18907	7562.8
16864	6745.6
20900	8360.0
20129	8051.6
20784	8313.6
21762	8704.8
20861	8344.4
19149	7659.6
20967	8386.8
20905	8362.0
16625	6650.0
20943	8377.2
17696	7078.4
20868	8347.2
22013	8805.2
18020	7208.0
17635	7054.0
18880	7552.0
20840	8336.0
21726	8690.4
22745	9098.0
23549	9419.6
22118	8847.2
20545	8218.0
17181	6872.4
19206	7682.4
18238	7295.2
19236	7694.4
18130	7252.0
21114	8445.6
19716	7886.4
21029	8411.6
20295	8118.0
22096	8838.4
17107	6842.8
18888	7555.2
19922	7968.8
19393	7757.2
20508	8203.2
21801	8720.4
19445	7778.0
19597	7838.8
18878	7551.2
289414	6557.6
162987	6519.8
193297	7731.8
177466	7098.4
52834	5113.6
68329	5733.6
24290	9716.0
39547	1581.8
16762	6704.8
26242	1049.8
24848	9939.2
25867	1034.8
16876	6750.4
21889	8755.6
20423	8169.2
21391	8556.4
21414	8565.6
16581	6632.4
19674	7869.6
18896	7558.4
19972	7988.8
14894	5957.6
18174	7269.6
16475	6590.0
18987	7594.8
21734	8693.6
19328	7731.2
20514	8205.6
18618	7447.2
18577	7430.8
16784	6713.6
20889	8355.6
20712	8284.8
18070	7228.0
21158	8463.2
20734	8293.6
17518	7007.2
22190	8876.0
21007	8402.8
20853	8341.2
20095	8038.0
18579	7431.6
20070	8028.0
20162	8064.8
16680	6672.0
20665	8266.0
19117	7646.8
19030	7612.0
21566	8626.4
20716	8286.4
21994	8797.6
21206	8482.4
20265	8106.0
20941	8376.4
19739	7895.6
17614	7045.6
20165	8066.0
21420	8568.0
20057	8022.8
20530	8212.0
19550	7820.0
17988	7195.2
19970	7988.0
18194	7277.6
20661	8264.4
19044	7617.6
19977	7990.8
19818	7927.2
19463	7785.2
21076	8430.4
20542	8216.8
18636	7454.4
21573	8629.2
20582	8232.8
19537	7814.8
21764	8705.6
18274	7309.6
21536	8614.4
21016	8406.4
18727	7490.8
21493	8597.2
18293	7317.2
21403	8561.2
18060	7224.0
19180	7672.0
19294	7717.6
19888	7955.2
22166	8866.4
20548	8219.2
18913	7565.2
19791	7916.4
19306	7722.4
19021	7608.4
21087	8434.8
20945	8378.0
19612	7844.8
21134	8453.6
18969	7587.6
19490	7796.0
18613	7445.2
19623	7849.2
18354	7341.6
20988	8395.2
21084	8433.6
18590	7436.0
19139	7655.6
20148	8059.2
21453	8581.2
19481	7792.4
21447	8578.8
21173	8469.2
21236	8494.4
17602	7040.8
21326	8530.4
19819	7927.6
20336	8134.4
20923	8369.2
20839	8335.6
20572	8228.8
18364	7345.6
20703	8281.2
18462	7384.8
20635	8254.0
17697	7078.8
20435	8174.0
21246	8498.4
21917	8766.8
22760	9104.0
17901	7160.4
21140	8456.0
19129	7651.6
20702	8280.8
17577	7030.8
20975	8390.0
19100	7640.0
19869	7947.6
18970	7588.0
21732	8692.8
20924	8369.6
20714	8285.6
20906	8362.4
17718	7087.2
18677	7470.8
18709	7483.6
20587	8234.8
18522	7408.8
21175	8470.0
18231	7292.4
21029	8411.6
20156	8062.4
19693	7877.2
20382	8152.8
21634	8653.6
18795	7518.0
21075	8430.0
19847	7938.8
19473	7789.2
19345	7738.0
18842	7536.8
19718	7887.2
21012	8404.8
19384	7753.6
18726	7490.4
21336	8534.4
21045	8418.0
21653	8661.2
21066	8426.4
20156	8062.4
18061	7224.4
20982	8392.8
18729	7491.6
20736	8294.4
16643	6657.2
20017	8006.8
19577	7830.8
21798	8719.2
20458	8183.2
20780	8312.0
21867	8746.8
19097	7638.8
20048	8019.2
19182	7672.8
19330	7732.0
19373	7749.2
21029	8411.6
20441	8176.4
21035	8414.0
21494	8597.6
21419	8567.6
21525	8610.0
21916	8766.4
17589	7035.6
18793	7517.2
17191	6876.4
18909	7563.6
19321	7728.4
19953	7981.2
19871	7948.4
19561	7824.4
20204	8081.6
20997	8398.8
21562	8624.8
19044	7617.6
20757	8302.8
20286	8114.4
18750	7500.0
20245	8098.0
18456	7382.4
19981	7992.4
20763	8305.2
21535	8614.0
18684	7473.6
18902	7560.8
19254	7701.6
20946	8378.4
19830	7932.0
18372	7348.8
19076	7630.4
21016	8406.4
19439	7775.6
20352	8140.8
21516	8606.4
18372	7348.8
21219	8487.6
20354	8141.6
21642	8656.8
18890	7556.0
20946	8378.4
19672	7868.8
18506	7402.4
20242	8096.8
21677	8670.8
20613	8245.2
18504	7401.6
19718	7887.2
19497	7798.8
19904	7961.6
21232	8492.8
20689	8275.6
20634	8253.6
20777	8310.8
19606	7842.4
18759	7503.6
20775	8310.0
19648	7859.2
19157	7662.8
20523	8209.2
18071	7228.4
21528	8611.2
20196	8078.4
19402	7760.8
20599	8239.6
19884	7953.6
20490	8196.0
20399	8159.6
22000	8800.0
19223	7689.2
18693	7477.2
20117	8046.8
19933	7973.2
19467	7786.8
21371	8548.4
18248	7299.2
19817	7926.8
18889	7555.6
20415	8166.0
19521	7808.4
19435	7774.0
21359	8543.6
20839	8335.6
20437	8174.8
20283	8113.2
19179	7671.6
20442	8176.8
21586	8634.4
18910	7564.0
20950	8380.0
19546	7818.4
21182	8472.8
20445	8178.0
19153	7661.2
19459	7783.6
20998	8399.2
20208	8083.2
21429	8571.6
19692	7876.8
19452	7780.8
19741	7896.4
18726	7490.4
18251	7300.4
20372	8148.8
18730	7492.0
20089	8035.6
20731	8292.4
21620	8648.0
20704	8281.6
19873	7949.2
19343	7737.2
18804	7521.6
20626	8250.4
17851	7140.4
21649	8659.6
19102	7640.8
20697	8278.8
18903	7561.2
19621	7848.4
21004	8401.6
20504	8201.6
19229	7691.6
21299	8519.6
19061	7624.4
21045	8418.0
21312	8524.8
21620	8648.0
22116	8846.4
22495	8998.0
20783	8313.2
21142	8456.8
20851	8340.4
22294	8917.6
20445	8178.0
19102	7640.8
18520	7408.0
17726	7090.4
18821	7528.4
20899	8359.6
21212	8484.8
20908	8363.2
21849	8739.6
19693	7877.2
20024	8009.6
20194	8077.6
19995	7998.0
18437	7374.8
21980	8792.0
20241	8096.4
21160	8464.0
21201	8480.4
21877	8750.8
21158	8463.2
21955	8782.0
20512	8204.8
20506	8202.4
17336	6934.4
21305	8522.0
20553	8221.2
22060	8824.0
17629	7051.6
19184	7673.6
19005	7602.0
21879	8751.6
22146	8858.4
21839	8735.6
20272	8108.8
20192	8076.8
18594	7437.6
19129	7651.6
15362	6144.8
19745	7898.0
21767	8706.8
18090	7236.0
19312	7724.8
22147	8858.8
20426	8170.4
19372	7748.8
21999	8799.6
20032	8012.8
21148	8459.2
19051	7620.4
20576	8230.4
16087	6434.8
21936	8774.4
20737	8294.8
16847	6738.8
19236	7694.4
21643	8657.2
21791	8716.4
22044	8817.6
22598	9039.2
22141	8856.4
17426	6970.4
18918	7567.2
19669	7867.6
18613	7445.2
16758	6703.2
18219	7287.6
21394	8557.6
20988	8395.2
22587	9034.8
20092	8036.8
20111	8044.4
20141	8056.4
18624	7449.6
18175	7270.0
19495	7798.0
21261	8504.4
21996	8798.4
19798	7919.2
19150	7660.0
19625	7850.0
21994	8797.6
21001	8400.4
21716	8686.4
21058	8423.2
18538	7415.2
19647	7858.8
16235	6494.0
18333	7333.2
19110	7644.0
20585	8234.0
20769	8307.6
21638	8655.2
19261	7704.4
18668	7467.2
21034	8413.6
21747	8698.8
19855	7942.0
19617	7846.8
19699	7879.6
20866	8346.4
16331	6532.4
20893	8357.2
19412	7764.8
20520	8208.0
19736	7894.4
21757	8702.8
22200	8880.0
21884	8753.6
20252	8100.8
20506	8202.4
16082	6432.8
20030	8012.0
20457	8182.8
16814	6725.6
21483	8593.2
21083	8433.2
20787	8314.8
21909	8763.6
19130	7652.0
17794	7117.6
21615	8646.0
18601	7440.4
18895	7558.0
18950	7580.0
19701	7880.4
21950	8780.0
20616	8246.4
20185	8074.0
19211	7684.4
19531	7812.4
22260	8904.0
21238	8495.2
20751	8300.4
19697	7878.8
19551	7820.4
18735	7494.0
19539	7815.6
18907	7562.8
16864	6745.6
20900	8360.0
20129	8051.6
20784	8313.6
21762	8704.8
20861	8344.4
19149	7659.6
20967	8386.8
20905	8362.0
16625	6650.0
20943	8377.2
17696	7078.4
20868	8347.2
22013	8805.2
18020	7208.0
17635	7054.0
18880	7552.0
20840	8336.0
21726	8690.4
22745	9098.0
23549	9419.6
22118	8847.2
20545	8218.0
17181	6872.4
19206	7682.4
18238	7295.2
19236	7694.4
18130	7252.0
21114	8445.6
19716	7886.4
21029	8411.6
20295	8118.0
22096	8838.4
17107	6842.8
18888	7555.2
19922	7968.8
19393	7757.2
20508	8203.2
21801	8720.4
19445	7778.0
19597	7838.8
18878	7551.2
289414	6557.6
162987	6519.8
193297	7731.8
177466	7098.4
52834	5113.6
68329	5733.6
24290	9716.0
39547	1581.8
16762	6704.8
26242	1049.8
24848	9939.2
25867	1034.8
16876	6750.4
21889	8755.6
20423	8169.2
21391	8556.4
21414	8565.6
16581	6632.4
19674	7869.6
18896	7558.4
19972	7988.8
14894	5957.6
18174	7269.6
16475	6590.0
18987	7594.8
21734	8693.6
19328	7731.2
20514	8205.6
18618	7447.2
18577	7430.8
16784	6713.6
20889	8355.6
20712	8284.8
18070	7228.0
21158	8463.2
20734	8293.6
17518	7007.2
22190	8876.0
21007	8402.8
20853	8341.2
20095	8038.0
18579	7431.6
20070	8028.0
20162	8064.8
16680	6672.0
20665	8266.0
19117	7646.8
19030	7612.0
21566	8626.4
20716	8286.4
21994	8797.6
21206	8482.4
20265	8106.0
20941	8376.4
19739	7895.6
17614	7045.6
20165	8066.0
21420	8568.0
20057	8022.8
20530	8212.0
19550	7820.0
17988	7195.2
19970	7988.0
18194	7277.6
20661	8264.4
19044	7617.6
19977	7990.8
19818	7927.2
19463	7785.2
21076	8430.4
20542	8216.8
18636	7454.4
21573	8629.2
20582	8232.8
19537	7814.8
21764	8705.6
18274	7309.6
21536	8614.4
21016	8406.4
18727	7490.8
21493	8597.2
18293	7317.2
21403	8561.2
18060	7224.0
19180	7672.0
19294	7717.6
19888	7955.2
22166	8866.4
20548	8219.2
18913	7565.2
19791	7916.4
19306	7722.4
19021	7608.4
21087	8434.8
20945	8378.0
19612	7844.8
21134	8453.6
18969	7587.6
19490	7796.0
18613	7445.2
19623	7849.2
18354	7341.6
20988	8395.2
21084	8433.6
18590	7436.0
19139	7655.6
20148	8059.2
21453	8581.2
19481	7792.4
21447	8578.8
21173	8469.2
21236	8494.4
17602	7040.8
21326	8530.4
19819	7927.6
20336	8134.4
20923	8369.2
20839	8335.6
20572	8228.8
18364	7345.6
20703	8281.2
18462	7384.8
20635	8254.0
17697	7078.8
20435	8174.0
21246	8498.4
21917	8766.8
22760	9104.0
17901	7160.4
21140	8456.0
19129	7651.6
20702	8280.8
17577	7030.8
20975	8390.0
19100	7640.0
19869	7947.6
18970	7588.0
21732	8692.8
20924	8369.6
20714	8285.6
20906	8362.4
17718	7087.2
18677	7470.8
18709	7483.6
20587	8234.8
18522	7408.8
21175	8470.0
18231	7292.4
21029	8411.6
20156	8062.4
19693	7877.2
20382	8152.8
21634	8653.6
18795	7518.0
21075	8430.0
19847	7938.8
19473	7789.2
19345	7738.0
18842	7536.8
19718	7887.2
21012	8404.8
19384	7753.6
18726	7490.4
21336	8534.4
21045	8418.0
21653	8661.2
21066	8426.4
20156	8062.4
18061	7224.4
20982	8392.8
18729	7491.6
20736	8294.4
16643	6657.2
20017	8006.8
19577	7830.8
21798	8719.2
20458	8183.2
20780	8312.0
21867	8746.8
19097	7638.8
20048	8019.2
19182	7672.8
19330	7732.0
19373	7749.2
21029	8411.6
20441	8176.4
21035	8414.0
21494	8597.6
21419	8567.6
21525	8610.0
21916	8766.4
17589	7035.6
18793	7517.2
17191	6876.4
18909	7563.6
19321	7728.4
19953	7981.2
19871	7948.4
19561	7824.4
20204	8081.6
20997	8398.8
21562	8624.8
19044	7617.6
20757	8302.8
20286	8114.4
18750	7500.0
20245	8098.0
18456	7382.4
19981	7992.4
20763	8305.2
21535	8614.0
18684	7473.6
18902	7560.8
19254	7701.6
20946	8378.4
19830	7932.0
18372	7348.8
19076	7630.4
21016	8406.4
19439	7775.6
20352	8140.8
21516	8606.4
18372	7348.8
21219	8487.6
20354	8141.6
21642	8656.8
18890	7556.0
20946	8378.4
19672	7868.8
18506	7402.4
20242	8096.8
21677	8670.8
20613	8245.2
18504	7401.6
19718	7887.2
19497	7798.8
19904	7961.6
21232	8492.8
20689	8275.6
20634	8253.6
20777	8310.8
19606	7842.4
18759	7503.6
20775	8310.0
19648	7859.2
19157	7662.8
20523	8209.2
18071	7228.4
21528	8611.2
20196	8078.4
19402	7760.8
20599	8239.6
19884	7953.6
20490	8196.0
20399	8159.6
22000	8800.0
19223	7689.2
18693	7477.2
20117	8046.8
19933	7973.2
19467	7786.8
21371	8548.4
18248	7299.2
19817	7926.8
18889	7555.6
20415	8166.0
19521	7808.4
19435	7774.0
21359	8543.6
20839	8335.6
20437	8174.8
20283	8113.2
19179	7671.6
20442	8176.8
21586	8634.4
18910	7564.0
20950	8380.0
19546	7818.4
21182	8472.8
20445	8178.0
19153	7661.2
19459	7783.6
20998	8399.2
20208	8083.2
21429	8571.6
19692	7876.8
19452	7780.8
19741	7896.4
18726	7490.4
18251	7300.4
20372	8148.8
18730	7492.0
20089	8035.6
20731	8292.4
21620	8648.0
20704	8281.6
19873	7949.2
19343	7737.2
18804	7521.6
20626	8250.4
17851	7140.4
21649	8659.6
19102	7640.8
20697	8278.8
18903	7561.2
19621	7848.4
21004	8401.6
20504	8201.6
19229	7691.6
21299	8519.6
19061	7624.4
21045	8418.0
21312	8524.8
21620	8648.0
22116	8846.4
22495	8998.0
20783	8313.2
21142	8456.8
20851	8340.4
22294	8917.6
20445	8178.0
19102	7640.8
18520	7408.0
17726	7090.4
18821	7528.4
20899	8359.6
21212	8484.8
20908	8363.2
21849	8739.6
19693	7877.2
20024	8009.6
20194	8077.6
19995	7998.0
18437	7374.8
21980	8792.0
20241	8096.4
21160	8464.0
21201	8480.4
21877	8750.8
21158	8463.2
21955	8782.0
20512	8204.8
20506	8202.4
17336	6934.4
21305	8522.0
20553	8221.2
22060	8824.0
17629	7051.6
19184	7673.6
19005	7602.0
21879	8751.6
22146	8858.4
21839	8735.6
20272	8108.8
20192	8076.8
18594	7437.6
19129	7651.6
15362	6144.8
19745	7898.0
21767	8706.8
18090	7236.0
19312	7724.8
22147	8858.8
20426	8170.4
19372	7748.8
21999	8799.6
20032	8012.8
21148	8459.2
19051	7620.4
20576	8230.4
16087	6434.8
21936	8774.4
20737	8294.8
16847	6738.8
19236	7694.4
21643	8657.2
21791	8716.4
22044	8817.6
22598	9039.2
22141	8856.4
17426	6970.4
18918	7567.2
19669	7867.6
18613	7445.2
16758	6703.2
18219	7287.6
21394	8557.6
20988	8395.2
22587	9034.8
20092	8036.8
20111	8044.4
20141	8056.4
18624	7449.6
18175	7270.0
19495	7798.0
21261	8504.4
21996	8798.4
19798	7919.2
19150	7660.0
19625	7850.0
21994	8797.6
21001	8400.4
21716	8686.4
21058	8423.2
18538	7415.2
19647	7858.8
16235	6494.0
18333	7333.2
19110	7644.0
20585	8234.0
20769	8307.6
21638	8655.2
19261	7704.4
18668	7467.2
21034	8413.6
21747	8698.8
19855	7942.0
19617	7846.8
19699	7879.6
20866	8346.4
16331	6532.4
20893	8357.2
19412	7764.8
20520	8208.0
19736	7894.4
21757	8702.8
22200	8880.0
21884	8753.6
20252	8100.8
20506	8202.4
16082	6432.8
20030	8012.0
20457	8182.8
16814	6725.6
21483	8593.2
21083	8433.2
20787	8314.8
21909	8763.6
19130	7652.0
17794	7117.6
21615	8646.0
18601	7440.4
18895	7558.0
18950	7580.0
19701	7880.4
21950	8780.0
20616	8246.4
20185	8074.0
19211	7684.4
19531	7812.4
22260	8904.0
21238	8495.2
20751	8300.4
19697	7878.8
19551	7820.4
18735	7494.0
19539	7815.6
18907	7562.8
16864	6745.6
20900	8360.0
20129	8051.6
20784	8313.6
21762	8704.8
20861	8344.4
19149	7659.6
20967	8386.8
20905	8362.0
16625	6650.0
20943	8377.2
17696	7078.4
20868	8347.2
22013	8805.2
18020	7208.0
17635	7054.0
18880	7552.0
20840	8336.0
21726	8690.4
22745	9098.0
23549	9419.6
22118	8847.2
20545	8218.0
17181	6872.4
19206	7682.4
18238	7295.2
19236	7694.4
18130	7252.0
21114	8445.6
19716	7886.4
21029	8411.6
20295	8118.0
22096	8838.4
17107	6842.8
18888	7555.2
19922	7968.8
19393	7757.2
20508	8203.2
21801	8720.4
19445	7778.0
19597	7838.8
18878	7551.2
289414	6557.6
162987	6519.8
193297	7731.8
177466	7098.4
52834	5113.6
68329	5733.6
24290	9716.0
39547	1581.8
16762	6704.8
26242	1049.8
24848	9939.2
25867	1034.8
16876	6750.4
21889	8755.6
20423	8169.2
21391	8556.4
21414	8565.6
16581	6632.4
19674	7869.6
18896	7558.4
19972	7988.8
14894	5957.6
18174	7269.6
16475	6590.0
18987	7594.8
21734	8693.6
19328	7731.2
20514	8205.6
18618	7447.2
18577	7430.8
16784	6713.6
20889	8355.6
20712	8284.8
18070	7228.0
21158	8463.2
20734	8293.6
17518	7007.2
22190	8876.0
21007	8402.8
20853	8341.2
20095	8038.0
18579	7431.6
20070	8028.0
20162	8064.8
16680	6672.0
20665	8266.0
19117	7646.8
19030	7612.0
21566	8626.4
20716	8286.4
21994	8797.6
21206	8482.4
20265	8106.0
20941	8376.4
19739	7895.6
17614	7045.6
20165	8066.0
21420	8568.0
20057	8022.8
20530	8212.0
19550	7820.0
17988	7195.2
19970	7988.0
18194	7277.6
20661	8264.4
19044	7617.6
19977	7990.8
19818	7927.2
19463	7785.2
21076	8430.4
20542	8216.8
18636	7454.4
21573	8629.2
20582	8232.8
19537	7814.8
21764	8705.6
18274	7309.6
21536	8614.4
21016	8406.4
18727	7490.8
21493	8597.2
18293	7317.2
21403	8561.2
18060	7224.0
19180	7672.0
19294	7717.6
19888	7955.2
22166	8866.4
20548	8219.2
18913	7565.2
19791	7916.4
19306	7722.4
19021	7608.4
21087	8434.8
20945	8378.0
19612	7844.8
21134	8453.6
18969	7587.6
19490	7796.0
18613	7445.2
19623	7849.2
18354	7341.6
20988	8395.2
21084	8433.6
18590	7436.0
19139	7655.6
20148	8059.2
21453	8581.2
19481	7792.4
21447	8578.8
21173	8469.2
21236	8494.4
17602	7040.8
21326	8530.4
19819	7927.6
20336	8134.4
20923	8369.2
20839	8335.6
20572	8228.8
18364	7345.6
20703	8281.2
18462	7384.8
20635	8254.0
17697	7078.8
20435	8174.0
21246	8498.4
21917	8766.8
22760	9104.0
17901	7160.4
21140	8456.0
19129	7651.6
20702	8280.8
17577	7030.8
20975	8390.0
19100	7640.0
19869	7947.6
18970	7588.0
21732	8692.8
20924	8369.6
20714	8285.6
20906	8362.4
17718	7087.2
18677	7470.8
18709	7483.6
20587	8234.8
18522	7408.8
21175	8470.0
18231	7292.4
21029	8411.6
20156	8062.4
19693	7877.2
20382	8152.8
21634	8653.6
18795	7518.0
21075	8430.0
19847	7938.8
19473	7789.2
19345	7738.0
18842	7536.8
19718	7887.2
21012	8404.8
19384	7753.6
18726	7490.4
21336	8534.4
21045	8418.0
21653	8661.2
21066	8426.4
20156	8062.4
18061	7224.4
20982	8392.8
18729	7491.6
20736	8294.4
16643	6657.2
20017	8006.8
19577	7830.8
21798	8719.2
20458	8183.2
20780	8312.0
21867	8746.8
19097	7638.8
20048	8019.2
19182	7672.8
19330	7732.0
19373	7749.2
21029	8411.6
20441	8176.4
21035	8414.0
21494	8597.6
21419	8567.6
21525	8610.0
21916	8766.4
17589	7035.6
18793	7517.2
17191	6876.4
18909	7563.6
19321	7728.4
19953	7981.2
19871	7948.4
19561	7824.4
20204	8081.6
20997	8398.8
21562	8624.8
19044	7617.6
20757	8302.8
20286	8114.4
18750	7500.0
20245	8098.0
18456	7382.4
19981	7992.4
20763	8305.2
21535	8614.0
18684	7473.6
18902	7560.8
19254	7701.6
20946	8378.4
19830	7932.0
18372	7348.8
19076	7630.4
21016	8406.4
19439	7775.6
20352	8140.8
21516	8606.4
18372	7348.8
21219	8487.6
20354	8141.6
21642	8656.8
18890	7556.0
20946	8378.4
19672	7868.8
18506	7402.4
20242	8096.8
21677	8670.8
20613	8245.2
18504	7401.6
19718	7887.2
19497	7798.8
19904	7961.6
21232	8492.8
20689	8275.6
20634	8253.6
20777	8310.8
19606	7842.4
18759	7503.6
20775	8310.0
19648	7859.2
19157	7662.8
20523	8209.2
18071	7228.4
21528	8611.2
20196	8078.4
19402	7760.8
20599	8239.6
19884	7953.6
20490	8196.0
20399	8159.6
22000	8800.0
19223	7689.2
18693	7477.2
20117	8046.8
19933	7973.2
19467	7786.8
21371	8548.4
18248	7299.2
19817	7926.8
18889	7555.6
20415	8166.0
19521	7808.4
19435	7774.0
21359	8543.6
20839	8335.6
20437	8174.8
20283	8113.2
19179	7671.6
20442	8176.8
21586	8634.4
18910	7564.0
20950	8380.0
19546	7818.4
21182	8472.8
20445	8178.0
19153	7661.2
19459	7783.6
20998	8399.2
20208	8083.2
21429	8571.6
19692	7876.8
19452	7780.8
19741	7896.4
18726	7490.4
18251	7300.4
20372	8148.8
18730	7492.0
20089	8035.6
20731	8292.4
21620	8648.0
20704	8281.6
19873	7949.2
19343	7737.2
18804	7521.6
20626	8250.4
17851	7140.4
21649	8659.6
19102	7640.8
20697	8278.8
18903	7561.2
19621	7848.4
21004	8401.6
20504	8201.6
19229	7691.6
21299	8519.6
19061	7624.4
21045	8418.0
21312	8524.8
21620	8648.0
22116	8846.4
22495	8998.0
20783	8313.2
21142	8456.8
20851	8340.4
22294	8917.6
20445	8178.0
19102	7640.8
18520	7408.0
17726	7090.4
18821	7528.4
20899	8359.6
21212	8484.8
20908	8363.2
21849	8739.6
19693	7877.2
20024	8009.6
20194	8077.6
19995	7998.0
18437	7374.8
21980	8792.0
20241	8096.4
21160	8464.0
21201	8480.4
21877	8750.8
21158	8463.2
21955	8782.0
20512	8204.8
20506	8202.4
17336	6934.4
21305	8522.0
20553	8221.2
22060	8824.0
17629	7051.6
19184	7673.6
19005	7602.0
21879	8751.6
22146	8858.4
21839	8735.6
20272	8108.8
20192	8076.8
18594	7437.6
19129	7651.6
15362	6144.8
19745	7898.0
21767	8706.8
18090	7236.0
19312	7724.8
22147	8858.8
20426	8170.4
19372	7748.8
21999	8799.6
20032	8012.8
21148	8459.2
19051	7620.4
20576	8230.4
16087	6434.8
21936	8774.4
20737	8294.8
16847	6738.8
19236	7694.4
21643	8657.2
21791	8716.4
22044	8817.6
22598	9039.2
22141	8856.4
17426	6970.4
18918	7567.2
19669	7867.6
18613	7445.2
16758	6703.2
18219	7287.6
21394	8557.6
20988	8395.2
22587	9034.8
20092	8036.8
20111	8044.4
20141	8056.4
18624	7449.6
18175	7270.0
19495	7798.0
21261	8504.4
21996	8798.4
19798	7919.2
19150	7660.0
19625	7850.0
21994	8797.6
21001	8400.4
21716	8686.4
21058	8423.2
18538	7415.2
19647	7858.8
16235	6494.0
18333	7333.2
19110	7644.0
20585	8234.0
20769	8307.6
21638	8655.2
19261	7704.4
18668	7467.2
21034	8413.6
21747	8698.8
19855	7942.0
19617	7846.8
19699	7879.6
20866	8346.4
16331	6532.4
20893	8357.2
19412	7764.8
20520	8208.0
19736	7894.4
21757	8702.8
22200	8880.0
21884	8753.6
20252	8100.8
20506	8202.4
16082	6432.8
20030	8012.0
20457	8182.8
16814	6725.6
21483	8593.2
21083	8433.2
20787	8314.8
21909	8763.6
19130	7652.0
17794	7117.6
21615	8646.0
18601	7440.4
18895	7558.0
18950	7580.0
19701	7880.4
21950	8780.0
20616	8246.4
20185	8074.0
19211	7684.4
19531	7812.4
22260	8904.0
21238	8495.2
20751	8300.4
19697	7878.8
19551	7820.4
18735	7494.0
19539	7815.6
18907	7562.8
16864	6745.6
20900	8360.0
20129	8051.6
20784	8313.6
21762	8704.8
20861	8344.4
19149	7659.6
20967	8386.8
20905	8362.0
16625	6650.0
20943	8377.2
17696	7078.4
20868	8347.2
22013	8805.2
18020	7208.0
17635	7054.0
18880	7552.0
20840	8336.0
21726	8690.4
22745	9098.0
23549	9419.6
22118	8847.2
20545	8218.0
17181	6872.4
19206	7682.4
18238	7295.2
19236	7694.4
18130	7252.0
21114	8445.6
19716	7886.4
21029	8411.6
20295	8118.0
22096	8838.4
17107	6842.8
18888	7555.2
19922	7968.8
19393	7757.2
20508	8203.2
21801	8720.4
19445	7778.0
19597	7838.8
18878	7551.2
