868248	34729.2
772146	30885.4
864801	34592.4
926208	37048.2
921810	36872.0
860751	34430.4
584880	23395.0
545142	21805.8
470751	18830.4
478170	19126.0
426306	17052.4
300066	12002.4
271989	10879.6
166686	66674.4
201192	80476.8
170274	68109.6
139152	55660.8
156012	62404.8
160227	64090.8
151905	60762.0
161487	64594.8
151554	60621.6
128388	51355.2
139752	55900.8
143097	57238.8
128772	51508.8
149604	59841.6
139785	55914.0
148569	59427.6
139587	55834.8
139635	55854.0
143475	57390.0
152979	61191.6
155757	62302.8
166890	66756.0
150894	60357.6
134478	53791.2
157167	62866.8
149070	59628.0
142569	57027.6
143355	57342.0
140289	56115.6
161841	64736.4
128727	51490.8
152391	60956.4
151320	60528.0
150381	60152.4
153885	61554.0
143583	57433.2
152001	60800.4
154476	61790.4
147270	58908.0
159615	63846.0
151605	60642.0
146178	58471.2
157842	63136.8
152967	61186.8
157770	63108.0
144663	57865.2
159768	63907.2
148350	59340.0
153990	61596.0
151110	60444.0
148839	59535.6
154473	61789.2
133818	53527.2
150423	60169.2
131532	52612.8
154206	61682.4
145413	58165.2
145221	58088.4
157566	63026.4
136143	54457.2
159909	63963.6
152595	61038.0
157392	62956.8
146769	58707.6
160686	64274.4
152988	61195.2
156528	62611.2
152784	61113.6
138282	55312.8
158742	63496.8
128121	51248.4
141891	56756.4
142641	57056.4
147180	58872.0
145758	58303.2
150093	60037.2
168825	67530.0
140640	56256.0
158184	63273.6
167304	66921.6
141765	56706.0
155988	62395.2
145599	58239.6
158160	63264.0
143916	57566.4
149904	59961.6
141189	56475.6
147210	58884.0
155460	62184.0
136296	54518.4
160734	64293.6
142311	56924.4
147159	58863.6
142119	56847.6
149085	59634.0
160296	64118.4
153369	61347.6
160437	64174.8
141873	56749.2
139779	55911.6
160941	64376.4
142929	57171.6
169674	67869.6
145953	58381.2
156594	62637.6
147456	58982.4
151215	60486.0
158859	63543.6
144147	57658.8
154914	61965.6
146256	58502.4
147525	59010.0
145848	58339.2
148146	59258.4
154572	61828.8
144159	57663.6
147876	59150.4
140352	56140.8
148737	59494.8
144264	57705.6
134727	53890.8
158184	63273.6
152778	61111.2
154425	61770.0
147840	59136.0
148440	59376.0
148323	59329.2
152772	61108.8
155127	62050.8
150336	60134.4
154977	61990.8
156189	62475.6
154683	61873.2
161469	64587.6
146388	58555.2
158574	63429.6
134187	53674.8
139818	55927.2
149484	59793.6
138681	55472.4
154344	61737.6
155622	62248.8
162123	64849.2
153612	61444.8
142098	56839.2
159858	63943.2
133920	53568.0
142986	57194.4
151929	60771.6
142773	57109.2
145515	58206.0
137565	55026.0
153273	61309.2
152136	60854.4
152172	60868.8
161382	64552.8
150393	60157.2
156930	62772.0
159849	63939.6
150189	60075.6
153108	61243.2
133878	53551.2
156285	62514.0
136527	54610.8
150210	60084.0
150870	60348.0
158880	63552.0
155403	62161.2
141510	56604.0
161784	64713.6
154068	61627.2
157842	63136.8
156513	62605.2
159144	63657.6
141687	56674.8
136269	54507.6
130284	52113.6
154995	61998.0
144804	57921.6
150741	60296.4
148821	59528.4
148470	59388.0
164184	65673.6
155229	62091.6
135696	54278.4
154413	61765.2
158844	63537.6
148908	59563.2
139374	55749.6
137997	55198.8
159105	63642.0
141483	56593.2
143772	57508.8
149547	59818.8
157410	62964.0
141996	56798.4
166668	66667.2
145938	58375.2
164028	65611.2
154641	61856.4
156387	62554.8
146088	58435.2
160527	64210.8
152352	60940.8
153336	61334.4
129987	51994.8
155877	62350.8
132963	53185.2
155076	62030.4
141243	56497.2
153228	61291.2
137628	55051.2
153153	61261.2
139254	55701.6
158247	63298.8
141312	56524.8
159333	63733.2
142053	56821.2
159375	63750.0
147936	59174.4
151914	60765.6
140775	56310.0
155826	62330.4
159951	63980.4
141837	56734.8
159678	63871.2
142482	56992.8
151545	60618.0
151488	60595.2
145296	58118.4
137760	55104.0
140607	56242.8
163521	65408.4
151860	60744.0
147294	58917.6
157320	62928.0
157368	62947.2
145023	58009.2
150690	60276.0
160755	64302.0
140667	56266.8
157281	62912.4
140907	56362.8
138990	55596.0
156705	62682.0
160791	64316.4
154461	61784.4
151866	60746.4
147168	58867.2
139077	55630.8
147441	58976.4
156333	62533.2
144576	57830.4
151935	60774.0
160284	64113.6
143310	57324.0
147414	58965.6
139839	55935.6
155442	62176.8
151893	60757.2
154230	61692.0
147570	59028.0
157410	62964.0
160167	64066.8
149973	59989.2
136662	54664.8
166890	66756.0
152691	61076.4
142080	56832.0
137277	54910.8
143709	57483.6
163128	65251.2
156033	62413.2
143703	57481.2
164160	65664.0
150102	60040.8
143052	57220.8
164391	65756.4
137325	54930.0
132798	53119.2
140964	56385.6
156303	62521.2
147225	58890.0
157842	63136.8
154221	61688.4
143694	57477.6
151143	60457.2
146418	58567.2
151944	60777.6
158493	63397.2
142935	57174.0
157581	63032.4
143376	57350.4
152913	61165.2
165930	66372.0
156594	62637.6
144852	57940.8
144843	57937.2
150588	60235.2
152751	61100.4
141213	56485.2
155340	62136.0
151158	60463.2
140742	56296.8
161796	64718.4
130476	52190.4
158655	63462.0
146505	58602.0
146346	58538.4
151017	60406.8
145914	58365.6
157599	63039.6
163350	65340.0
150636	60254.4
162069	64827.6
163326	65330.4
157221	62888.4
156036	62414.4
134868	53947.2
146157	58462.8
147066	58826.4
134823	53929.2
146412	58564.8
139650	55860.0
150189	60075.6
140202	56080.8
144381	57752.4
157146	62858.4
154764	61905.6
161991	64796.4
144828	57931.2
150504	60201.6
147003	58801.2
150543	60217.2
139188	55675.2
156192	62476.8
148401	59360.4
170091	68036.4
168711	67484.4
135033	54013.2
150390	60156.0
151107	60442.8
148392	59356.8
134061	53624.4
135075	54030.0
155982	62392.8
145986	58394.4
167016	66806.4
156816	62726.4
158298	63319.2
156441	62576.4
156066	62426.4
145014	58005.6
144615	57846.0
146136	58454.4
143736	57494.4
128643	51457.2
147321	58928.4
156051	62420.4
144468	57787.2
156288	62515.2
159078	63631.2
141879	56751.6
148668	59467.2
145770	58308.0
143922	57568.8
153171	61268.4
144138	57655.2
145929	58371.6
156675	62670.0
167019	66807.6
149148	59659.2
147108	58843.2
154263	61705.2
138129	55251.6
156660	62664.0
151161	60464.4
156165	62466.0
149040	59616.0
139167	55666.8
154170	61668.0
149304	59721.6
138090	55236.0
161571	64628.4
144078	57631.2
155832	62332.8
153375	61350.0
145656	58262.4
151464	60585.6
157788	63115.2
158133	63253.2
155562	62224.8
135732	54292.8
157101	62840.4
148314	59325.6
141396	56558.4
159465	63786.0
158850	63540.0
135891	54356.4
141630	56652.0
150375	60150.0
152793	61117.2
155832	62332.8
141069	56427.6
157938	63175.2
152808	61123.2
152790	61116.0
142608	57043.2
142944	57177.6
149334	59733.6
152478	60991.2
157743	63097.2
162078	64831.2
145116	58046.4
159300	63720.0
161211	64484.4
155937	62374.8
141312	56524.8
138342	55336.8
139599	55839.6
149313	59725.2
148815	59526.0
150747	60298.8
143961	57584.4
142554	57021.6
151917	60766.8
165990	66396.0
156399	62559.6
156264	62505.6
133152	53260.8
153348	61339.2
145317	58126.8
138783	55513.2
153156	61262.4
155730	62292.0
151233	60493.2
149436	59774.4
152685	61074.0
154959	61983.6
141828	56731.2
151638	60655.2
138606	55442.4
157404	62961.6
151650	60660.0
136587	54634.8
153081	61232.4
147813	59125.2
151695	60678.0
158388	63355.2
153123	61249.2
158208	63283.2
140859	56343.6
156981	62792.4
143076	57230.4
152451	60980.4
150651	60260.4
150003	60001.2
145077	58030.8
143319	57327.6
149286	59714.4
150474	60189.6
153219	61287.6
159036	63614.4
144330	57732.0
151908	60763.2
140613	56245.2
150525	60210.0
151317	60526.8
148659	59463.6
153099	61239.6
157395	62958.0
144942	57976.8
150459	60183.6
162600	65040.0
150579	60231.6
157152	62860.8
154374	61749.6
142422	56968.8
142845	57138.0
154833	61933.2
136116	54446.4
159207	63682.8
143094	57237.6
141948	56779.2
156108	62443.2
161769	64707.6
140550	56220.0
868248	34729.2
772146	30885.4
864801	34592.4
926208	37048.2
921810	36872.0
860751	34430.4
584880	23395.0
545142	21805.8
470751	18830.4
478170	19126.0
426306	17052.4
300066	12002.4
271989	10879.6
166686	66674.4
201192	80476.8
170274	68109.6
139152	55660.8
156012	62404.8
160227	64090.8
151905	60762.0
161487	64594.8
151554	60621.6
128388	51355.2
139752	55900.8
143097	57238.8
128772	51508.8
149604	59841.6
139785	55914.0
148569	59427.6
139587	55834.8
139635	55854.0
143475	57390.0
152979	61191.6
155757	62302.8
166890	66756.0
150894	60357.6
134478	53791.2
157167	62866.8
149070	59628.0
142569	57027.6
143355	57342.0
140289	56115.6
161841	64736.4
128727	51490.8
152391	60956.4
151320	60528.0
150381	60152.4
153885	61554.0
143583	57433.2
152001	60800.4
154476	61790.4
147270	58908.0
159615	63846.0
151605	60642.0
146178	58471.2
157842	63136.8
152967	61186.8
157770	63108.0
144663	57865.2
159768	63907.2
148350	59340.0
153990	61596.0
151110	60444.0
148839	59535.6
154473	61789.2
133818	53527.2
150423	60169.2
131532	52612.8
154206	61682.4
145413	58165.2
145221	58088.4
157566	63026.4
136143	54457.2
159909	63963.6
152595	61038.0
157392	62956.8
146769	58707.6
160686	64274.4
152988	61195.2
156528	62611.2
152784	61113.6
138282	55312.8
158742	63496.8
128121	51248.4
141891	56756.4
142641	57056.4
147180	58872.0
145758	58303.2
150093	60037.2
168825	67530.0
140640	56256.0
158184	63273.6
167304	66921.6
141765	56706.0
155988	62395.2
145599	58239.6
158160	63264.0
143916	57566.4
149904	59961.6
141189	56475.6
147210	58884.0
155460	62184.0
136296	54518.4
160734	64293.6
142311	56924.4
147159	58863.6
142119	56847.6
149085	59634.0
160296	64118.4
153369	61347.6
160437	64174.8
141873	56749.2
139779	55911.6
160941	64376.4
142929	57171.6
169674	67869.6
145953	58381.2
156594	62637.6
147456	58982.4
151215	60486.0
158859	63543.6
144147	57658.8
154914	61965.6
146256	58502.4
147525	59010.0
145848	58339.2
148146	59258.4
154572	61828.8
144159	57663.6
147876	59150.4
140352	56140.8
148737	59494.8
144264	57705.6
134727	53890.8
158184	63273.6
152778	61111.2
154425	61770.0
147840	59136.0
148440	59376.0
148323	59329.2
152772	61108.8
155127	62050.8
150336	60134.4
154977	61990.8
156189	62475.6
154683	61873.2
161469	64587.6
146388	58555.2
158574	63429.6
134187	53674.8
139818	55927.2
149484	59793.6
138681	55472.4
154344	61737.6
155622	62248.8
162123	64849.2
153612	61444.8
142098	56839.2
159858	63943.2
133920	53568.0
142986	57194.4
151929	60771.6
142773	57109.2
145515	58206.0
137565	55026.0
153273	61309.2
152136	60854.4
152172	60868.8
161382	64552.8
150393	60157.2
156930	62772.0
159849	63939.6
150189	60075.6
153108	61243.2
133878	53551.2
156285	62514.0
136527	54610.8
150210	60084.0
150870	60348.0
158880	63552.0
155403	62161.2
141510	56604.0
161784	64713.6
154068	61627.2
157842	63136.8
156513	62605.2
159144	63657.6
141687	56674.8
136269	54507.6
130284	52113.6
154995	61998.0
144804	57921.6
150741	60296.4
148821	59528.4
148470	59388.0
164184	65673.6
155229	62091.6
135696	54278.4
154413	61765.2
158844	63537.6
148908	59563.2
139374	55749.6
137997	55198.8
159105	63642.0
141483	56593.2
143772	57508.8
149547	59818.8
157410	62964.0
141996	56798.4
166668	66667.2
145938	58375.2
164028	65611.2
154641	61856.4
156387	62554.8
146088	58435.2
160527	64210.8
152352	60940.8
153336	61334.4
129987	51994.8
155877	62350.8
132963	53185.2
155076	62030.4
141243	56497.2
153228	61291.2
137628	55051.2
153153	61261.2
139254	55701.6
158247	63298.8
141312	56524.8
159333	63733.2
142053	56821.2
159375	63750.0
147936	59174.4
151914	60765.6
140775	56310.0
155826	62330.4
159951	63980.4
141837	56734.8
159678	63871.2
142482	56992.8
151545	60618.0
151488	60595.2
145296	58118.4
137760	55104.0
140607	56242.8
163521	65408.4
151860	60744.0
147294	58917.6
157320	62928.0
157368	62947.2
145023	58009.2
150690	60276.0
160755	64302.0
140667	56266.8
157281	62912.4
140907	56362.8
138990	55596.0
156705	62682.0
160791	64316.4
154461	61784.4
151866	60746.4
147168	58867.2
139077	55630.8
147441	58976.4
156333	62533.2
144576	57830.4
151935	60774.0
160284	64113.6
143310	57324.0
147414	58965.6
139839	55935.6
155442	62176.8
151893	60757.2
154230	61692.0
147570	59028.0
157410	62964.0
160167	64066.8
149973	59989.2
136662	54664.8
166890	66756.0
152691	61076.4
142080	56832.0
137277	54910.8
143709	57483.6
163128	65251.2
156033	62413.2
143703	57481.2
164160	65664.0
150102	60040.8
143052	57220.8
164391	65756.4
137325	54930.0
132798	53119.2
140964	56385.6
156303	62521.2
147225	58890.0
157842	63136.8
154221	61688.4
143694	57477.6
151143	60457.2
146418	58567.2
151944	60777.6
158493	63397.2
142935	57174.0
157581	63032.4
143376	57350.4
152913	61165.2
165930	66372.0
156594	62637.6
144852	57940.8
144843	57937.2
150588	60235.2
152751	61100.4
141213	56485.2
155340	62136.0
151158	60463.2
140742	56296.8
161796	64718.4
130476	52190.4
158655	63462.0
146505	58602.0
146346	58538.4
151017	60406.8
145914	58365.6
157599	63039.6
163350	65340.0
150636	60254.4
162069	64827.6
163326	65330.4
157221	62888.4
156036	62414.4
134868	53947.2
146157	58462.8
147066	58826.4
134823	53929.2
146412	58564.8
139650	55860.0
150189	60075.6
140202	56080.8
144381	57752.4
157146	62858.4
154764	61905.6
161991	64796.4
144828	57931.2
150504	60201.6
147003	58801.2
150543	60217.2
139188	55675.2
156192	62476.8
148401	59360.4
170091	68036.4
168711	67484.4
135033	54013.2
150390	60156.0
151107	60442.8
148392	59356.8
134061	53624.4
135075	54030.0
155982	62392.8
145986	58394.4
167016	66806.4
156816	62726.4
158298	63319.2
156441	62576.4
156066	62426.4
145014	58005.6
144615	57846.0
146136	58454.4
143736	57494.4
128643	51457.2
147321	58928.4
156051	62420.4
144468	57787.2
156288	62515.2
159078	63631.2
141879	56751.6
148668	59467.2
145770	58308.0
143922	57568.8
153171	61268.4
144138	57655.2
145929	58371.6
156675	62670.0
167019	66807.6
149148	59659.2
147108	58843.2
154263	61705.2
138129	55251.6
156660	62664.0
151161	60464.4
156165	62466.0
149040	59616.0
139167	55666.8
154170	61668.0
149304	59721.6
138090	55236.0
161571	64628.4
144078	57631.2
155832	62332.8
153375	61350.0
145656	58262.4
151464	60585.6
157788	63115.2
158133	63253.2
155562	62224.8
135732	54292.8
157101	62840.4
148314	59325.6
141396	56558.4
159465	63786.0
158850	63540.0
135891	54356.4
141630	56652.0
150375	60150.0
152793	61117.2
155832	62332.8
141069	56427.6
157938	63175.2
152808	61123.2
152790	61116.0
142608	57043.2
142944	57177.6
149334	59733.6
152478	60991.2
157743	63097.2
162078	64831.2
145116	58046.4
159300	63720.0
161211	64484.4
155937	62374.8
141312	56524.8
138342	55336.8
139599	55839.6
149313	59725.2
148815	59526.0
150747	60298.8
143961	57584.4
142554	57021.6
151917	60766.8
165990	66396.0
156399	62559.6
156264	62505.6
133152	53260.8
153348	61339.2
145317	58126.8
138783	55513.2
153156	61262.4
155730	62292.0
151233	60493.2
149436	59774.4
152685	61074.0
154959	61983.6
141828	56731.2
151638	60655.2
138606	55442.4
157404	62961.6
151650	60660.0
136587	54634.8
153081	61232.4
147813	59125.2
151695	60678.0
158388	63355.2
153123	61249.2
158208	63283.2
140859	56343.6
156981	62792.4
143076	57230.4
152451	60980.4
150651	60260.4
150003	60001.2
145077	58030.8
143319	57327.6
149286	59714.4
150474	60189.6
153219	61287.6
159036	63614.4
144330	57732.0
151908	60763.2
140613	56245.2
150525	60210.0
151317	60526.8
148659	59463.6
153099	61239.6
157395	62958.0
144942	57976.8
150459	60183.6
162600	65040.0
150579	60231.6
157152	62860.8
154374	61749.6
142422	56968.8
142845	57138.0
154833	61933.2
136116	54446.4
159207	63682.8
143094	57237.6
141948	56779.2
156108	62443.2
161769	64707.6
140550	56220.0
868248	34729.2
772146	30885.4
864801	34592.4
926208	37048.2
921810	36872.0
860751	34430.4
584880	23395.0
545142	21805.8
470751	18830.4
478170	19126.0
426306	17052.4
300066	12002.4
271989	10879.6
166686	66674.4
201192	80476.8
170274	68109.6
139152	55660.8
156012	62404.8
160227	64090.8
151905	60762.0
161487	64594.8
151554	60621.6
128388	51355.2
139752	55900.8
143097	57238.8
128772	51508.8
149604	59841.6
139785	55914.0
148569	59427.6
139587	55834.8
139635	55854.0
143475	57390.0
152979	61191.6
155757	62302.8
166890	66756.0
150894	60357.6
134478	53791.2
157167	62866.8
149070	59628.0
142569	57027.6
143355	57342.0
140289	56115.6
161841	64736.4
128727	51490.8
152391	60956.4
151320	60528.0
150381	60152.4
153885	61554.0
143583	57433.2
152001	60800.4
154476	61790.4
147270	58908.0
159615	63846.0
151605	60642.0
146178	58471.2
157842	63136.8
152967	61186.8
157770	63108.0
144663	57865.2
159768	63907.2
148350	59340.0
153990	61596.0
151110	60444.0
148839	59535.6
154473	61789.2
133818	53527.2
150423	60169.2
131532	52612.8
154206	61682.4
145413	58165.2
145221	58088.4
157566	63026.4
136143	54457.2
159909	63963.6
152595	61038.0
157392	62956.8
146769	58707.6
160686	64274.4
152988	61195.2
156528	62611.2
152784	61113.6
138282	55312.8
158742	63496.8
128121	51248.4
141891	56756.4
142641	57056.4
147180	58872.0
145758	58303.2
150093	60037.2
168825	67530.0
140640	56256.0
158184	63273.6
167304	66921.6
141765	56706.0
155988	62395.2
145599	58239.6
158160	63264.0
143916	57566.4
149904	59961.6
141189	56475.6
147210	58884.0
155460	62184.0
136296	54518.4
160734	64293.6
142311	56924.4
147159	58863.6
142119	56847.6
149085	59634.0
160296	64118.4
153369	61347.6
160437	64174.8
141873	56749.2
139779	55911.6
160941	64376.4
142929	57171.6
169674	67869.6
145953	58381.2
156594	62637.6
147456	58982.4
151215	60486.0
158859	63543.6
144147	57658.8
154914	61965.6
146256	58502.4
147525	59010.0
145848	58339.2
148146	59258.4
154572	61828.8
144159	57663.6
147876	59150.4
140352	56140.8
148737	59494.8
144264	57705.6
134727	53890.8
158184	63273.6
152778	61111.2
154425	61770.0
147840	59136.0
148440	59376.0
148323	59329.2
152772	61108.8
155127	62050.8
150336	60134.4
154977	61990.8
156189	62475.6
154683	61873.2
161469	64587.6
146388	58555.2
158574	63429.6
134187	53674.8
139818	55927.2
149484	59793.6
138681	55472.4
154344	61737.6
155622	62248.8
162123	64849.2
153612	61444.8
142098	56839.2
159858	63943.2
133920	53568.0
142986	57194.4
151929	60771.6
142773	57109.2
145515	58206.0
137565	55026.0
153273	61309.2
152136	60854.4
152172	60868.8
161382	64552.8
150393	60157.2
156930	62772.0
159849	63939.6
150189	60075.6
153108	61243.2
133878	53551.2
156285	62514.0
136527	54610.8
150210	60084.0
150870	60348.0
158880	63552.0
155403	62161.2
141510	56604.0
161784	64713.6
154068	61627.2
157842	63136.8
156513	62605.2
159144	63657.6
141687	56674.8
136269	54507.6
130284	52113.6
154995	61998.0
144804	57921.6
150741	60296.4
148821	59528.4
148470	59388.0
164184	65673.6
155229	62091.6
135696	54278.4
154413	61765.2
158844	63537.6
148908	59563.2
139374	55749.6
137997	55198.8
159105	63642.0
141483	56593.2
143772	57508.8
149547	59818.8
157410	62964.0
141996	56798.4
166668	66667.2
145938	58375.2
164028	65611.2
154641	61856.4
156387	62554.8
146088	58435.2
160527	64210.8
152352	60940.8
153336	61334.4
129987	51994.8
155877	62350.8
132963	53185.2
155076	62030.4
141243	56497.2
153228	61291.2
137628	55051.2
153153	61261.2
139254	55701.6
158247	63298.8
141312	56524.8
159333	63733.2
142053	56821.2
159375	63750.0
147936	59174.4
151914	60765.6
140775	56310.0
155826	62330.4
159951	63980.4
141837	56734.8
159678	63871.2
142482	56992.8
151545	60618.0
151488	60595.2
145296	58118.4
137760	55104.0
140607	56242.8
163521	65408.4
151860	60744.0
147294	58917.6
157320	62928.0
157368	62947.2
145023	58009.2
150690	60276.0
160755	64302.0
140667	56266.8
157281	62912.4
140907	56362.8
138990	55596.0
156705	62682.0
160791	64316.4
154461	61784.4
151866	60746.4
147168	58867.2
139077	55630.8
147441	58976.4
156333	62533.2
144576	57830.4
151935	60774.0
160284	64113.6
143310	57324.0
147414	58965.6
139839	55935.6
155442	62176.8
151893	60757.2
154230	61692.0
147570	59028.0
157410	62964.0
160167	64066.8
149973	59989.2
136662	54664.8
166890	66756.0
152691	61076.4
142080	56832.0
137277	54910.8
143709	57483.6
163128	65251.2
156033	62413.2
143703	57481.2
164160	65664.0
150102	60040.8
143052	57220.8
164391	65756.4
137325	54930.0
132798	53119.2
140964	56385.6
156303	62521.2
147225	58890.0
157842	63136.8
154221	61688.4
143694	57477.6
151143	60457.2
146418	58567.2
151944	60777.6
158493	63397.2
142935	57174.0
157581	63032.4
143376	57350.4
152913	61165.2
165930	66372.0
156594	62637.6
144852	57940.8
144843	57937.2
150588	60235.2
152751	61100.4
141213	56485.2
155340	62136.0
151158	60463.2
140742	56296.8
161796	64718.4
130476	52190.4
158655	63462.0
146505	58602.0
146346	58538.4
151017	60406.8
145914	58365.6
157599	63039.6
163350	65340.0
150636	60254.4
162069	64827.6
163326	65330.4
157221	62888.4
156036	62414.4
134868	53947.2
146157	58462.8
147066	58826.4
134823	53929.2
146412	58564.8
139650	55860.0
150189	60075.6
140202	56080.8
144381	57752.4
157146	62858.4
154764	61905.6
161991	64796.4
144828	57931.2
150504	60201.6
147003	58801.2
150543	60217.2
139188	55675.2
156192	62476.8
148401	59360.4
170091	68036.4
168711	67484.4
135033	54013.2
150390	60156.0
151107	60442.8
148392	59356.8
134061	53624.4
135075	54030.0
155982	62392.8
145986	58394.4
167016	66806.4
156816	62726.4
158298	63319.2
156441	62576.4
156066	62426.4
145014	58005.6
144615	57846.0
146136	58454.4
143736	57494.4
128643	51457.2
147321	58928.4
156051	62420.4
144468	57787.2
156288	62515.2
159078	63631.2
141879	56751.6
148668	59467.2
145770	58308.0
143922	57568.8
153171	61268.4
144138	57655.2
145929	58371.6
156675	62670.0
167019	66807.6
149148	59659.2
147108	58843.2
154263	61705.2
138129	55251.6
156660	62664.0
151161	60464.4
156165	62466.0
149040	59616.0
139167	55666.8
154170	61668.0
149304	59721.6
138090	55236.0
161571	64628.4
144078	57631.2
155832	62332.8
153375	61350.0
145656	58262.4
151464	60585.6
157788	63115.2
158133	63253.2
155562	62224.8
135732	54292.8
157101	62840.4
148314	59325.6
141396	56558.4
159465	63786.0
158850	63540.0
135891	54356.4
141630	56652.0
150375	60150.0
152793	61117.2
155832	62332.8
141069	56427.6
157938	63175.2
152808	61123.2
152790	61116.0
142608	57043.2
142944	57177.6
149334	59733.6
152478	60991.2
157743	63097.2
162078	64831.2
145116	58046.4
159300	63720.0
161211	64484.4
155937	62374.8
141312	56524.8
138342	55336.8
139599	55839.6
149313	59725.2
148815	59526.0
150747	60298.8
143961	57584.4
142554	57021.6
151917	60766.8
165990	66396.0
156399	62559.6
156264	62505.6
133152	53260.8
153348	61339.2
145317	58126.8
138783	55513.2
153156	61262.4
155730	62292.0
151233	60493.2
149436	59774.4
152685	61074.0
154959	61983.6
141828	56731.2
151638	60655.2
138606	55442.4
157404	62961.6
151650	60660.0
136587	54634.8
153081	61232.4
147813	59125.2
151695	60678.0
158388	63355.2
153123	61249.2
158208	63283.2
140859	56343.6
156981	62792.4
143076	57230.4
152451	60980.4
150651	60260.4
150003	60001.2
145077	58030.8
143319	57327.6
149286	59714.4
150474	60189.6
153219	61287.6
159036	63614.4
144330	57732.0
151908	60763.2
140613	56245.2
150525	60210.0
151317	60526.8
148659	59463.6
153099	61239.6
157395	62958.0
144942	57976.8
150459	60183.6
162600	65040.0
150579	60231.6
157152	62860.8
154374	61749.6
142422	56968.8
142845	57138.0
154833	61933.2
136116	54446.4
159207	63682.8
143094	57237.6
141948	56779.2
156108	62443.2
161769	64707.6
140550	56220.0
868248	34729.2
772146	30885.4
864801	34592.4
926208	37048.2
921810	36872.0
860751	34430.4
584880	23395.0
545142	21805.8
470751	18830.4
478170	19126.0
426306	17052.4
300066	12002.4
271989	10879.6
166686	66674.4
201192	80476.8
170274	68109.6
139152	55660.8
156012	62404.8
160227	64090.8
151905	60762.0
161487	64594.8
151554	60621.6
128388	51355.2
139752	55900.8
143097	57238.8
128772	51508.8
149604	59841.6
139785	55914.0
148569	59427.6
139587	55834.8
139635	55854.0
143475	57390.0
152979	61191.6
155757	62302.8
166890	66756.0
150894	60357.6
134478	53791.2
157167	62866.8
149070	59628.0
142569	57027.6
143355	57342.0
140289	56115.6
161841	64736.4
128727	51490.8
152391	60956.4
151320	60528.0
150381	60152.4
153885	61554.0
143583	57433.2
152001	60800.4
154476	61790.4
147270	58908.0
159615	63846.0
151605	60642.0
146178	58471.2
157842	63136.8
152967	61186.8
157770	63108.0
144663	57865.2
159768	63907.2
148350	59340.0
153990	61596.0
151110	60444.0
148839	59535.6
154473	61789.2
133818	53527.2
150423	60169.2
131532	52612.8
154206	61682.4
145413	58165.2
145221	58088.4
157566	63026.4
136143	54457.2
159909	63963.6
152595	61038.0
157392	62956.8
146769	58707.6
160686	64274.4
152988	61195.2
156528	62611.2
152784	61113.6
138282	55312.8
158742	63496.8
128121	51248.4
141891	56756.4
142641	57056.4
147180	58872.0
145758	58303.2
150093	60037.2
168825	67530.0
140640	56256.0
158184	63273.6
167304	66921.6
141765	56706.0
155988	62395.2
145599	58239.6
158160	63264.0
143916	57566.4
149904	59961.6
141189	56475.6
147210	58884.0
155460	62184.0
136296	54518.4
160734	64293.6
142311	56924.4
147159	58863.6
142119	56847.6
149085	59634.0
160296	64118.4
153369	61347.6
160437	64174.8
141873	56749.2
139779	55911.6
160941	64376.4
142929	57171.6
169674	67869.6
145953	58381.2
156594	62637.6
147456	58982.4
151215	60486.0
158859	63543.6
144147	57658.8
154914	61965.6
146256	58502.4
147525	59010.0
145848	58339.2
148146	59258.4
154572	61828.8
144159	57663.6
147876	59150.4
140352	56140.8
148737	59494.8
144264	57705.6
134727	53890.8
158184	63273.6
152778	61111.2
154425	61770.0
147840	59136.0
148440	59376.0
148323	59329.2
152772	61108.8
155127	62050.8
150336	60134.4
154977	61990.8
156189	62475.6
154683	61873.2
161469	64587.6
146388	58555.2
158574	63429.6
134187	53674.8
139818	55927.2
149484	59793.6
138681	55472.4
154344	61737.6
155622	62248.8
162123	64849.2
153612	61444.8
142098	56839.2
159858	63943.2
133920	53568.0
142986	57194.4
151929	60771.6
142773	57109.2
145515	58206.0
137565	55026.0
153273	61309.2
152136	60854.4
152172	60868.8
161382	64552.8
150393	60157.2
156930	62772.0
159849	63939.6
150189	60075.6
153108	61243.2
133878	53551.2
156285	62514.0
136527	54610.8
150210	60084.0
150870	60348.0
158880	63552.0
155403	62161.2
141510	56604.0
161784	64713.6
154068	61627.2
157842	63136.8
156513	62605.2
159144	63657.6
141687	56674.8
136269	54507.6
130284	52113.6
154995	61998.0
144804	57921.6
150741	60296.4
148821	59528.4
148470	59388.0
164184	65673.6
155229	62091.6
135696	54278.4
154413	61765.2
158844	63537.6
148908	59563.2
139374	55749.6
137997	55198.8
159105	63642.0
141483	56593.2
143772	57508.8
149547	59818.8
157410	62964.0
141996	56798.4
166668	66667.2
145938	58375.2
164028	65611.2
154641	61856.4
156387	62554.8
146088	58435.2
160527	64210.8
152352	60940.8
153336	61334.4
129987	51994.8
155877	62350.8
132963	53185.2
155076	62030.4
141243	56497.2
153228	61291.2
137628	55051.2
153153	61261.2
139254	55701.6
158247	63298.8
141312	56524.8
159333	63733.2
142053	56821.2
159375	63750.0
147936	59174.4
151914	60765.6
140775	56310.0
155826	62330.4
159951	63980.4
141837	56734.8
159678	63871.2
142482	56992.8
151545	60618.0
151488	60595.2
145296	58118.4
137760	55104.0
140607	56242.8
163521	65408.4
151860	60744.0
147294	58917.6
157320	62928.0
157368	62947.2
145023	58009.2
150690	60276.0
160755	64302.0
140667	56266.8
157281	62912.4
140907	56362.8
138990	55596.0
156705	62682.0
160791	64316.4
154461	61784.4
151866	60746.4
147168	58867.2
139077	55630.8
147441	58976.4
156333	62533.2
144576	57830.4
151935	60774.0
160284	64113.6
143310	57324.0
147414	58965.6
139839	55935.6
155442	62176.8
151893	60757.2
154230	61692.0
147570	59028.0
157410	62964.0
160167	64066.8
149973	59989.2
136662	54664.8
166890	66756.0
152691	61076.4
142080	56832.0
137277	54910.8
143709	57483.6
163128	65251.2
156033	62413.2
143703	57481.2
164160	65664.0
150102	60040.8
143052	57220.8
164391	65756.4
137325	54930.0
132798	53119.2
140964	56385.6
156303	62521.2
147225	58890.0
157842	63136.8
154221	61688.4
143694	57477.6
151143	60457.2
146418	58567.2
151944	60777.6
158493	63397.2
142935	57174.0
157581	63032.4
143376	57350.4
152913	61165.2
165930	66372.0
156594	62637.6
144852	57940.8
144843	57937.2
150588	60235.2
152751	61100.4
141213	56485.2
155340	62136.0
151158	60463.2
140742	56296.8
161796	64718.4
130476	52190.4
158655	63462.0
146505	58602.0
146346	58538.4
151017	60406.8
145914	58365.6
157599	63039.6
163350	65340.0
150636	60254.4
162069	64827.6
163326	65330.4
157221	62888.4
156036	62414.4
134868	53947.2
146157	58462.8
147066	58826.4
134823	53929.2
146412	58564.8
139650	55860.0
150189	60075.6
140202	56080.8
144381	57752.4
157146	62858.4
154764	61905.6
161991	64796.4
144828	57931.2
150504	60201.6
147003	58801.2
150543	60217.2
139188	55675.2
156192	62476.8
148401	59360.4
170091	68036.4
168711	67484.4
135033	54013.2
150390	60156.0
151107	60442.8
148392	59356.8
134061	53624.4
135075	54030.0
155982	62392.8
145986	58394.4
167016	66806.4
156816	62726.4
158298	63319.2
156441	62576.4
156066	62426.4
145014	58005.6
144615	57846.0
146136	58454.4
143736	57494.4
128643	51457.2
147321	58928.4
156051	62420.4
144468	57787.2
156288	62515.2
159078	63631.2
141879	56751.6
148668	59467.2
145770	58308.0
143922	57568.8
153171	61268.4
144138	57655.2
145929	58371.6
156675	62670.0
167019	66807.6
149148	59659.2
147108	58843.2
154263	61705.2
138129	55251.6
156660	62664.0
151161	60464.4
156165	62466.0
149040	59616.0
139167	55666.8
154170	61668.0
149304	59721.6
138090	55236.0
161571	64628.4
144078	57631.2
155832	62332.8
153375	61350.0
145656	58262.4
151464	60585.6
157788	63115.2
158133	63253.2
155562	62224.8
135732	54292.8
157101	62840.4
148314	59325.6
141396	56558.4
159465	63786.0
158850	63540.0
135891	54356.4
141630	56652.0
150375	60150.0
152793	61117.2
155832	62332.8
141069	56427.6
157938	63175.2
152808	61123.2
152790	61116.0
142608	57043.2
142944	57177.6
149334	59733.6
152478	60991.2
157743	63097.2
162078	64831.2
145116	58046.4
159300	63720.0
161211	64484.4
155937	62374.8
141312	56524.8
138342	55336.8
139599	55839.6
149313	59725.2
148815	59526.0
150747	60298.8
143961	57584.4
142554	57021.6
151917	60766.8
165990	66396.0
156399	62559.6
156264	62505.6
133152	53260.8
153348	61339.2
145317	58126.8
138783	55513.2
153156	61262.4
155730	62292.0
151233	60493.2
149436	59774.4
152685	61074.0
154959	61983.6
141828	56731.2
151638	60655.2
138606	55442.4
157404	62961.6
151650	60660.0
136587	54634.8
153081	61232.4
147813	59125.2
151695	60678.0
158388	63355.2
153123	61249.2
158208	63283.2
140859	56343.6
156981	62792.4
143076	57230.4
152451	60980.4
150651	60260.4
150003	60001.2
145077	58030.8
143319	57327.6
149286	59714.4
150474	60189.6
153219	61287.6
159036	63614.4
144330	57732.0
151908	60763.2
140613	56245.2
150525	60210.0
151317	60526.8
148659	59463.6
153099	61239.6
157395	62958.0
144942	57976.8
150459	60183.6
162600	65040.0
150579	60231.6
157152	62860.8
154374	61749.6
142422	56968.8
142845	57138.0
154833	61933.2
136116	54446.4
159207	63682.8
143094	57237.6
141948	56779.2
156108	62443.2
161769	64707.6
140550	56220.0
