289416	21576.4
257382	20295.8
288267	71536.8
308736	62349.4
307270	45290.0
286917	21476.8
194960	77984.0
181714	72685.6
156917	62766.8
159390	63756.0
142102	56840.8
100022	40008.8
90663	36265.2
55562	22224.8
67064	26825.6
56758	22703.2
46384	18553.6
52004	20801.6
53409	21363.6
50635	20254.0
53829	21531.6
50518	20207.2
42796	17118.4
46584	18633.6
47699	19079.6
42924	17169.6
49868	19947.2
46595	18638.0
49523	19809.2
46529	18611.6
46545	18618.0
47825	19130.0
50993	20397.2
51919	20767.6
55630	22252.0
50298	20119.2
44826	17930.4
52389	20955.6
49690	19876.0
47523	19009.2
47785	19114.0
46763	18705.2
53947	21578.8
42909	17163.6
50797	20318.8
50440	20176.0
50127	20050.8
51295	20518.0
47861	19144.4
50667	20266.8
51492	20596.8
49090	19636.0
53205	21282.0
50535	20214.0
48726	19490.4
52614	21045.6
50989	20395.6
52590	21036.0
48221	19288.4
53256	21302.4
49450	19780.0
51330	20532.0
50370	20148.0
49613	19845.2
51491	20596.4
44606	17842.4
50141	20056.4
43844	17537.6
51402	20560.8
48471	19388.4
48407	19362.8
52522	21008.8
45381	18152.4
53303	21321.2
50865	20346.0
52464	20985.6
48923	19569.2
53562	21424.8
50996	20398.4
52176	20870.4
50928	20371.2
46094	18437.6
52914	21165.6
42707	17082.8
47297	18918.8
47547	19018.8
49060	19624.0
48586	19434.4
50031	20012.4
56275	22510.0
46880	18752.0
52728	21091.2
55768	22307.2
47255	18902.0
51996	20798.4
48533	19413.2
52720	21088.0
47972	19188.8
49968	19987.2
47063	18825.2
49070	19628.0
51820	20728.0
45432	18172.8
53578	21431.2
47437	18974.8
49053	19621.2
47373	18949.2
49695	19878.0
53432	21372.8
51123	20449.2
53479	21391.6
47291	18916.4
46593	18637.2
53647	21458.8
47643	19057.2
56558	22623.2
48651	19460.4
52198	20879.2
49152	19660.8
50405	20162.0
52953	21181.2
48049	19219.6
51638	20655.2
48752	19500.8
49175	19670.0
48616	19446.4
49382	19752.8
51524	20609.6
48053	19221.2
49292	19716.8
46784	18713.6
49579	19831.6
48088	19235.2
44909	17963.6
52728	21091.2
50926	20370.4
51475	20590.0
49280	19712.0
49480	19792.0
49441	19776.4
50924	20369.6
51709	20683.6
50112	20044.8
51659	20663.6
52063	20825.2
51561	20624.4
53823	21529.2
48796	19518.4
52858	21143.2
44729	17891.6
46606	18642.4
49828	19931.2
46227	18490.8
51448	20579.2
51874	20749.6
54041	21616.4
51204	20481.6
47366	18946.4
53286	21314.4
44640	17856.0
47662	19064.8
50643	20257.2
47591	19036.4
48505	19402.0
45855	18342.0
51091	20436.4
50712	20284.8
50724	20289.6
53794	21517.6
50131	20052.4
52310	20924.0
53283	21313.2
50063	20025.2
51036	20414.4
44626	17850.4
52095	20838.0
45509	18203.6
50070	20028.0
50290	20116.0
52960	21184.0
51801	20720.4
47170	18868.0
53928	21571.2
51356	20542.4
52614	21045.6
52171	20868.4
53048	21219.2
47229	18891.6
45423	18169.2
43428	17371.2
51665	20666.0
48268	19307.2
50247	20098.8
49607	19842.8
49490	19796.0
54728	21891.2
51743	20697.2
45232	18092.8
51471	20588.4
52948	21179.2
49636	19854.4
46458	18583.2
45999	18399.6
53035	21214.0
47161	18864.4
47924	19169.6
49849	19939.6
52470	20988.0
47332	18932.8
55556	22222.4
48646	19458.4
54676	21870.4
51547	20618.8
52129	20851.6
48696	19478.4
53509	21403.6
50784	20313.6
51112	20444.8
43329	17331.6
51959	20783.6
44321	17728.4
51692	20676.8
47081	18832.4
51076	20430.4
45876	18350.4
51051	20420.4
46418	18567.2
52749	21099.6
47104	18841.6
53111	21244.4
47351	18940.4
53125	21250.0
49312	19724.8
50638	20255.2
46925	18770.0
51942	20776.8
53317	21326.8
47279	18911.6
53226	21290.4
47494	18997.6
50515	20206.0
50496	20198.4
48432	19372.8
45920	18368.0
46869	18747.6
54507	21802.8
50620	20248.0
49098	19639.2
52440	20976.0
52456	20982.4
48341	19336.4
50230	20092.0
53585	21434.0
46889	18755.6
52427	20970.8
46969	18787.6
46330	18532.0
52235	20894.0
53597	21438.8
51487	20594.8
50622	20248.8
49056	19622.4
46359	18543.6
49147	19658.8
52111	20844.4
48192	19276.8
50645	20258.0
53428	21371.2
47770	19108.0
49138	19655.2
46613	18645.2
51814	20725.6
50631	20252.4
51410	20564.0
49190	19676.0
52470	20988.0
53389	21355.6
49991	19996.4
45554	18221.6
55630	22252.0
50897	20358.8
47360	18944.0
45759	18303.6
47903	19161.2
54376	21750.4
52011	20804.4
47901	19160.4
54720	21888.0
50034	20013.6
47684	19073.6
54797	21918.8
45775	18310.0
44266	17706.4
46988	18795.2
52101	20840.4
49075	19630.0
52614	21045.6
51407	20562.8
47898	19159.2
50381	20152.4
48806	19522.4
50648	20259.2
52831	21132.4
47645	19058.0
52527	21010.8
47792	19116.8
50971	20388.4
55310	22124.0
52198	20879.2
48284	19313.6
48281	19312.4
50196	20078.4
50917	20366.8
47071	18828.4
51780	20712.0
50386	20154.4
46914	18765.6
53932	21572.8
43492	17396.8
52885	21154.0
48835	19534.0
48782	19512.8
50339	20135.6
48638	19455.2
52533	21013.2
54450	21780.0
50212	20084.8
54023	21609.2
54442	21776.8
52407	20962.8
52012	20804.8
44956	17982.4
48719	19487.6
49022	19608.8
44941	17976.4
48804	19521.6
46550	18620.0
50063	20025.2
46734	18693.6
48127	19250.8
52382	20952.8
51588	20635.2
53997	21598.8
48276	19310.4
50168	20067.2
49001	19600.4
50181	20072.4
46396	18558.4
52064	20825.6
49467	19786.8
56697	22678.8
56237	22494.8
45011	18004.4
50130	20052.0
50369	20147.6
49464	19785.6
44687	17874.8
45025	18010.0
51994	20797.6
48662	19464.8
55672	22268.8
52272	20908.8
52766	21106.4
52147	20858.8
52022	20808.8
48338	19335.2
48205	19282.0
48712	19484.8
47912	19164.8
42881	17152.4
49107	19642.8
52017	20806.8
48156	19262.4
52096	20838.4
53026	21210.4
47293	18917.2
49556	19822.4
48590	19436.0
47974	19189.6
51057	20422.8
48046	19218.4
48643	19457.2
52225	20890.0
55673	22269.2
49716	19886.4
49036	19614.4
51421	20568.4
46043	18417.2
52220	20888.0
50387	20154.8
52055	20822.0
49680	19872.0
46389	18555.6
51390	20556.0
49768	19907.2
46030	18412.0
53857	21542.8
48026	19210.4
51944	20777.6
51125	20450.0
48552	19420.8
50488	20195.2
52596	21038.4
52711	21084.4
51854	20741.6
45244	18097.6
52367	20946.8
49438	19775.2
47132	18852.8
53155	21262.0
52950	21180.0
45297	18118.8
47210	18884.0
50125	20050.0
50931	20372.4
51944	20777.6
47023	18809.2
52646	21058.4
50936	20374.4
50930	20372.0
47536	19014.4
47648	19059.2
49778	19911.2
50826	20330.4
52581	21032.4
54026	21610.4
48372	19348.8
53100	21240.0
53737	21494.8
51979	20791.6
47104	18841.6
46114	18445.6
46533	18613.2
49771	19908.4
49605	19842.0
50249	20099.6
47987	19194.8
47518	19007.2
50639	20255.6
55330	22132.0
52133	20853.2
52088	20835.2
44384	17753.6
51116	20446.4
48439	19375.6
46261	18504.4
51052	20420.8
51910	20764.0
50411	20164.4
49812	19924.8
50895	20358.0
51653	20661.2
47276	18910.4
50546	20218.4
46202	18480.8
52468	20987.2
50550	20220.0
45529	18211.6
51027	20410.8
49271	19708.4
50565	20226.0
52796	21118.4
51041	20416.4
52736	21094.4
46953	18781.2
52327	20930.8
47692	19076.8
50817	20326.8
50217	20086.8
50001	20000.4
48359	19343.6
47773	19109.2
49762	19904.8
50158	20063.2
51073	20429.2
53012	21204.8
48110	19244.0
50636	20254.4
46871	18748.4
50175	20070.0
50439	20175.6
49553	19821.2
51033	20413.2
52465	20986.0
48314	19325.6
50153	20061.2
54200	21680.0
50193	20077.2
52384	20953.6
51458	20583.2
47474	18989.6
47615	19046.0
51611	20644.4
45372	18148.8
53069	21227.6
47698	19079.2
47316	18926.4
52036	20814.4
53923	21569.2
46850	18740.0
289416	21576.4
257382	20295.8
288267	71536.8
308736	62349.4
307270	45290.0
286917	21476.8
194960	77984.0
181714	72685.6
156917	62766.8
159390	63756.0
142102	56840.8
100022	40008.8
90663	36265.2
55562	22224.8
67064	26825.6
56758	22703.2
46384	18553.6
52004	20801.6
53409	21363.6
50635	20254.0
53829	21531.6
50518	20207.2
42796	17118.4
46584	18633.6
47699	19079.6
42924	17169.6
49868	19947.2
46595	18638.0
49523	19809.2
46529	18611.6
46545	18618.0
47825	19130.0
50993	20397.2
51919	20767.6
55630	22252.0
50298	20119.2
44826	17930.4
52389	20955.6
49690	19876.0
47523	19009.2
47785	19114.0
46763	18705.2
53947	21578.8
42909	17163.6
50797	20318.8
50440	20176.0
50127	20050.8
51295	20518.0
47861	19144.4
50667	20266.8
51492	20596.8
49090	19636.0
53205	21282.0
50535	20214.0
48726	19490.4
52614	21045.6
50989	20395.6
52590	21036.0
48221	19288.4
53256	21302.4
49450	19780.0
51330	20532.0
50370	20148.0
49613	19845.2
51491	20596.4
44606	17842.4
50141	20056.4
43844	17537.6
51402	20560.8
48471	19388.4
48407	19362.8
52522	21008.8
45381	18152.4
53303	21321.2
50865	20346.0
52464	20985.6
48923	19569.2
53562	21424.8
50996	20398.4
52176	20870.4
50928	20371.2
46094	18437.6
52914	21165.6
42707	17082.8
47297	18918.8
47547	19018.8
49060	19624.0
48586	19434.4
50031	20012.4
56275	22510.0
46880	18752.0
52728	21091.2
55768	22307.2
47255	18902.0
51996	20798.4
48533	19413.2
52720	21088.0
47972	19188.8
49968	19987.2
47063	18825.2
49070	19628.0
51820	20728.0
45432	18172.8
53578	21431.2
47437	18974.8
49053	19621.2
47373	18949.2
49695	19878.0
53432	21372.8
51123	20449.2
53479	21391.6
47291	18916.4
46593	18637.2
53647	21458.8
47643	19057.2
56558	22623.2
48651	19460.4
52198	20879.2
49152	19660.8
50405	20162.0
52953	21181.2
48049	19219.6
51638	20655.2
48752	19500.8
49175	19670.0
48616	19446.4
49382	19752.8
51524	20609.6
48053	19221.2
49292	19716.8
46784	18713.6
49579	19831.6
48088	19235.2
44909	17963.6
52728	21091.2
50926	20370.4
51475	20590.0
49280	19712.0
49480	19792.0
49441	19776.4
50924	20369.6
51709	20683.6
50112	20044.8
51659	20663.6
52063	20825.2
51561	20624.4
53823	21529.2
48796	19518.4
52858	21143.2
44729	17891.6
46606	18642.4
49828	19931.2
46227	18490.8
51448	20579.2
51874	20749.6
54041	21616.4
51204	20481.6
47366	18946.4
53286	21314.4
44640	17856.0
47662	19064.8
50643	20257.2
47591	19036.4
48505	19402.0
45855	18342.0
51091	20436.4
50712	20284.8
50724	20289.6
53794	21517.6
50131	20052.4
52310	20924.0
53283	21313.2
50063	20025.2
51036	20414.4
44626	17850.4
52095	20838.0
45509	18203.6
50070	20028.0
50290	20116.0
52960	21184.0
51801	20720.4
47170	18868.0
53928	21571.2
51356	20542.4
52614	21045.6
52171	20868.4
53048	21219.2
47229	18891.6
45423	18169.2
43428	17371.2
51665	20666.0
48268	19307.2
50247	20098.8
49607	19842.8
49490	19796.0
54728	21891.2
51743	20697.2
45232	18092.8
51471	20588.4
52948	21179.2
49636	19854.4
46458	18583.2
45999	18399.6
53035	21214.0
47161	18864.4
47924	19169.6
49849	19939.6
52470	20988.0
47332	18932.8
55556	22222.4
48646	19458.4
54676	21870.4
51547	20618.8
52129	20851.6
48696	19478.4
53509	21403.6
50784	20313.6
51112	20444.8
43329	17331.6
51959	20783.6
44321	17728.4
51692	20676.8
47081	18832.4
51076	20430.4
45876	18350.4
51051	20420.4
46418	18567.2
52749	21099.6
47104	18841.6
53111	21244.4
47351	18940.4
53125	21250.0
49312	19724.8
50638	20255.2
46925	18770.0
51942	20776.8
53317	21326.8
47279	18911.6
53226	21290.4
47494	18997.6
50515	20206.0
50496	20198.4
48432	19372.8
45920	18368.0
46869	18747.6
54507	21802.8
50620	20248.0
49098	19639.2
52440	20976.0
52456	20982.4
48341	19336.4
50230	20092.0
53585	21434.0
46889	18755.6
52427	20970.8
46969	18787.6
46330	18532.0
52235	20894.0
53597	21438.8
51487	20594.8
50622	20248.8
49056	19622.4
46359	18543.6
49147	19658.8
52111	20844.4
48192	19276.8
50645	20258.0
53428	21371.2
47770	19108.0
49138	19655.2
46613	18645.2
51814	20725.6
50631	20252.4
51410	20564.0
49190	19676.0
52470	20988.0
53389	21355.6
49991	19996.4
45554	18221.6
55630	22252.0
50897	20358.8
47360	18944.0
45759	18303.6
47903	19161.2
54376	21750.4
52011	20804.4
47901	19160.4
54720	21888.0
50034	20013.6
47684	19073.6
54797	21918.8
45775	18310.0
44266	17706.4
46988	18795.2
52101	20840.4
49075	19630.0
52614	21045.6
51407	20562.8
47898	19159.2
50381	20152.4
48806	19522.4
50648	20259.2
52831	21132.4
47645	19058.0
52527	21010.8
47792	19116.8
50971	20388.4
55310	22124.0
52198	20879.2
48284	19313.6
48281	19312.4
50196	20078.4
50917	20366.8
47071	18828.4
51780	20712.0
50386	20154.4
46914	18765.6
53932	21572.8
43492	17396.8
52885	21154.0
48835	19534.0
48782	19512.8
50339	20135.6
48638	19455.2
52533	21013.2
54450	21780.0
50212	20084.8
54023	21609.2
54442	21776.8
52407	20962.8
52012	20804.8
44956	17982.4
48719	19487.6
49022	19608.8
44941	17976.4
48804	19521.6
46550	18620.0
50063	20025.2
46734	18693.6
48127	19250.8
52382	20952.8
51588	20635.2
53997	21598.8
48276	19310.4
50168	20067.2
49001	19600.4
50181	20072.4
46396	18558.4
52064	20825.6
49467	19786.8
56697	22678.8
56237	22494.8
45011	18004.4
50130	20052.0
50369	20147.6
49464	19785.6
44687	17874.8
45025	18010.0
51994	20797.6
48662	19464.8
55672	22268.8
52272	20908.8
52766	21106.4
52147	20858.8
52022	20808.8
48338	19335.2
48205	19282.0
48712	19484.8
47912	19164.8
42881	17152.4
49107	19642.8
52017	20806.8
48156	19262.4
52096	20838.4
53026	21210.4
47293	18917.2
49556	19822.4
48590	19436.0
47974	19189.6
51057	20422.8
48046	19218.4
48643	19457.2
52225	20890.0
55673	22269.2
49716	19886.4
49036	19614.4
51421	20568.4
46043	18417.2
52220	20888.0
50387	20154.8
52055	20822.0
49680	19872.0
46389	18555.6
51390	20556.0
49768	19907.2
46030	18412.0
53857	21542.8
48026	19210.4
51944	20777.6
51125	20450.0
48552	19420.8
50488	20195.2
52596	21038.4
52711	21084.4
51854	20741.6
45244	18097.6
52367	20946.8
49438	19775.2
47132	18852.8
53155	21262.0
52950	21180.0
45297	18118.8
47210	18884.0
50125	20050.0
50931	20372.4
51944	20777.6
47023	18809.2
52646	21058.4
50936	20374.4
50930	20372.0
47536	19014.4
47648	19059.2
49778	19911.2
50826	20330.4
52581	21032.4
54026	21610.4
48372	19348.8
53100	21240.0
53737	21494.8
51979	20791.6
47104	18841.6
46114	18445.6
46533	18613.2
49771	19908.4
49605	19842.0
50249	20099.6
47987	19194.8
47518	19007.2
50639	20255.6
55330	22132.0
52133	20853.2
52088	20835.2
44384	17753.6
51116	20446.4
48439	19375.6
46261	18504.4
51052	20420.8
51910	20764.0
50411	20164.4
49812	19924.8
50895	20358.0
51653	20661.2
47276	18910.4
50546	20218.4
46202	18480.8
52468	20987.2
50550	20220.0
45529	18211.6
51027	20410.8
49271	19708.4
50565	20226.0
52796	21118.4
51041	20416.4
52736	21094.4
46953	18781.2
52327	20930.8
47692	19076.8
50817	20326.8
50217	20086.8
50001	20000.4
48359	19343.6
47773	19109.2
49762	19904.8
50158	20063.2
51073	20429.2
53012	21204.8
48110	19244.0
50636	20254.4
46871	18748.4
50175	20070.0
50439	20175.6
49553	19821.2
51033	20413.2
52465	20986.0
48314	19325.6
50153	20061.2
54200	21680.0
50193	20077.2
52384	20953.6
51458	20583.2
47474	18989.6
47615	19046.0
51611	20644.4
45372	18148.8
53069	21227.6
47698	19079.2
47316	18926.4
52036	20814.4
53923	21569.2
46850	18740.0
289416	21576.4
257382	20295.8
288267	71536.8
308736	62349.4
307270	45290.0
286917	21476.8
194960	77984.0
181714	72685.6
156917	62766.8
159390	63756.0
142102	56840.8
100022	40008.8
90663	36265.2
55562	22224.8
67064	26825.6
56758	22703.2
46384	18553.6
52004	20801.6
53409	21363.6
50635	20254.0
53829	21531.6
50518	20207.2
42796	17118.4
46584	18633.6
47699	19079.6
42924	17169.6
49868	19947.2
46595	18638.0
49523	19809.2
46529	18611.6
46545	18618.0
47825	19130.0
50993	20397.2
51919	20767.6
55630	22252.0
50298	20119.2
44826	17930.4
52389	20955.6
49690	19876.0
47523	19009.2
47785	19114.0
46763	18705.2
53947	21578.8
42909	17163.6
50797	20318.8
50440	20176.0
50127	20050.8
51295	20518.0
47861	19144.4
50667	20266.8
51492	20596.8
49090	19636.0
53205	21282.0
50535	20214.0
48726	19490.4
52614	21045.6
50989	20395.6
52590	21036.0
48221	19288.4
53256	21302.4
49450	19780.0
51330	20532.0
50370	20148.0
49613	19845.2
51491	20596.4
44606	17842.4
50141	20056.4
43844	17537.6
51402	20560.8
48471	19388.4
48407	19362.8
52522	21008.8
45381	18152.4
53303	21321.2
50865	20346.0
52464	20985.6
48923	19569.2
53562	21424.8
50996	20398.4
52176	20870.4
50928	20371.2
46094	18437.6
52914	21165.6
42707	17082.8
47297	18918.8
47547	19018.8
49060	19624.0
48586	19434.4
50031	20012.4
56275	22510.0
46880	18752.0
52728	21091.2
55768	22307.2
47255	18902.0
51996	20798.4
48533	19413.2
52720	21088.0
47972	19188.8
49968	19987.2
47063	18825.2
49070	19628.0
51820	20728.0
45432	18172.8
53578	21431.2
47437	18974.8
49053	19621.2
47373	18949.2
49695	19878.0
53432	21372.8
51123	20449.2
53479	21391.6
47291	18916.4
46593	18637.2
53647	21458.8
47643	19057.2
56558	22623.2
48651	19460.4
52198	20879.2
49152	19660.8
50405	20162.0
52953	21181.2
48049	19219.6
51638	20655.2
48752	19500.8
49175	19670.0
48616	19446.4
49382	19752.8
51524	20609.6
48053	19221.2
49292	19716.8
46784	18713.6
49579	19831.6
48088	19235.2
44909	17963.6
52728	21091.2
50926	20370.4
51475	20590.0
49280	19712.0
49480	19792.0
49441	19776.4
50924	20369.6
51709	20683.6
50112	20044.8
51659	20663.6
52063	20825.2
51561	20624.4
53823	21529.2
48796	19518.4
52858	21143.2
44729	17891.6
46606	18642.4
49828	19931.2
46227	18490.8
51448	20579.2
51874	20749.6
54041	21616.4
51204	20481.6
47366	18946.4
53286	21314.4
44640	17856.0
47662	19064.8
50643	20257.2
47591	19036.4
48505	19402.0
45855	18342.0
51091	20436.4
50712	20284.8
50724	20289.6
53794	21517.6
50131	20052.4
52310	20924.0
53283	21313.2
50063	20025.2
51036	20414.4
44626	17850.4
52095	20838.0
45509	18203.6
50070	20028.0
50290	20116.0
52960	21184.0
51801	20720.4
47170	18868.0
53928	21571.2
51356	20542.4
52614	21045.6
52171	20868.4
53048	21219.2
47229	18891.6
45423	18169.2
43428	17371.2
51665	20666.0
48268	19307.2
50247	20098.8
49607	19842.8
49490	19796.0
54728	21891.2
51743	20697.2
45232	18092.8
51471	20588.4
52948	21179.2
49636	19854.4
46458	18583.2
45999	18399.6
53035	21214.0
47161	18864.4
47924	19169.6
49849	19939.6
52470	20988.0
47332	18932.8
55556	22222.4
48646	19458.4
54676	21870.4
51547	20618.8
52129	20851.6
48696	19478.4
53509	21403.6
50784	20313.6
51112	20444.8
43329	17331.6
51959	20783.6
44321	17728.4
51692	20676.8
47081	18832.4
51076	20430.4
45876	18350.4
51051	20420.4
46418	18567.2
52749	21099.6
47104	18841.6
53111	21244.4
47351	18940.4
53125	21250.0
49312	19724.8
50638	20255.2
46925	18770.0
51942	20776.8
53317	21326.8
47279	18911.6
53226	21290.4
47494	18997.6
50515	20206.0
50496	20198.4
48432	19372.8
45920	18368.0
46869	18747.6
54507	21802.8
50620	20248.0
49098	19639.2
52440	20976.0
52456	20982.4
48341	19336.4
50230	20092.0
53585	21434.0
46889	18755.6
52427	20970.8
46969	18787.6
46330	18532.0
52235	20894.0
53597	21438.8
51487	20594.8
50622	20248.8
49056	19622.4
46359	18543.6
49147	19658.8
52111	20844.4
48192	19276.8
50645	20258.0
53428	21371.2
47770	19108.0
49138	19655.2
46613	18645.2
51814	20725.6
50631	20252.4
51410	20564.0
49190	19676.0
52470	20988.0
53389	21355.6
49991	19996.4
45554	18221.6
55630	22252.0
50897	20358.8
47360	18944.0
45759	18303.6
47903	19161.2
54376	21750.4
52011	20804.4
47901	19160.4
54720	21888.0
50034	20013.6
47684	19073.6
54797	21918.8
45775	18310.0
44266	17706.4
46988	18795.2
52101	20840.4
49075	19630.0
52614	21045.6
51407	20562.8
47898	19159.2
50381	20152.4
48806	19522.4
50648	20259.2
52831	21132.4
47645	19058.0
52527	21010.8
47792	19116.8
50971	20388.4
55310	22124.0
52198	20879.2
48284	19313.6
48281	19312.4
50196	20078.4
50917	20366.8
47071	18828.4
51780	20712.0
50386	20154.4
46914	18765.6
53932	21572.8
43492	17396.8
52885	21154.0
48835	19534.0
48782	19512.8
50339	20135.6
48638	19455.2
52533	21013.2
54450	21780.0
50212	20084.8
54023	21609.2
54442	21776.8
52407	20962.8
52012	20804.8
44956	17982.4
48719	19487.6
49022	19608.8
44941	17976.4
48804	19521.6
46550	18620.0
50063	20025.2
46734	18693.6
48127	19250.8
52382	20952.8
51588	20635.2
53997	21598.8
48276	19310.4
50168	20067.2
49001	19600.4
50181	20072.4
46396	18558.4
52064	20825.6
49467	19786.8
56697	22678.8
56237	22494.8
45011	18004.4
50130	20052.0
50369	20147.6
49464	19785.6
44687	17874.8
45025	18010.0
51994	20797.6
48662	19464.8
55672	22268.8
52272	20908.8
52766	21106.4
52147	20858.8
52022	20808.8
48338	19335.2
48205	19282.0
48712	19484.8
47912	19164.8
42881	17152.4
49107	19642.8
52017	20806.8
48156	19262.4
52096	20838.4
53026	21210.4
47293	18917.2
49556	19822.4
48590	19436.0
47974	19189.6
51057	20422.8
48046	19218.4
48643	19457.2
52225	20890.0
55673	22269.2
49716	19886.4
49036	19614.4
51421	20568.4
46043	18417.2
52220	20888.0
50387	20154.8
52055	20822.0
49680	19872.0
46389	18555.6
51390	20556.0
49768	19907.2
46030	18412.0
53857	21542.8
48026	19210.4
51944	20777.6
51125	20450.0
48552	19420.8
50488	20195.2
52596	21038.4
52711	21084.4
51854	20741.6
45244	18097.6
52367	20946.8
49438	19775.2
47132	18852.8
53155	21262.0
52950	21180.0
45297	18118.8
47210	18884.0
50125	20050.0
50931	20372.4
51944	20777.6
47023	18809.2
52646	21058.4
50936	20374.4
50930	20372.0
47536	19014.4
47648	19059.2
49778	19911.2
50826	20330.4
52581	21032.4
54026	21610.4
48372	19348.8
53100	21240.0
53737	21494.8
51979	20791.6
47104	18841.6
46114	18445.6
46533	18613.2
49771	19908.4
49605	19842.0
50249	20099.6
47987	19194.8
47518	19007.2
50639	20255.6
55330	22132.0
52133	20853.2
52088	20835.2
44384	17753.6
51116	20446.4
48439	19375.6
46261	18504.4
51052	20420.8
51910	20764.0
50411	20164.4
49812	19924.8
50895	20358.0
51653	20661.2
47276	18910.4
50546	20218.4
46202	18480.8
52468	20987.2
50550	20220.0
45529	18211.6
51027	20410.8
49271	19708.4
50565	20226.0
52796	21118.4
51041	20416.4
52736	21094.4
46953	18781.2
52327	20930.8
47692	19076.8
50817	20326.8
50217	20086.8
50001	20000.4
48359	19343.6
47773	19109.2
49762	19904.8
50158	20063.2
51073	20429.2
53012	21204.8
48110	19244.0
50636	20254.4
46871	18748.4
50175	20070.0
50439	20175.6
49553	19821.2
51033	20413.2
52465	20986.0
48314	19325.6
50153	20061.2
54200	21680.0
50193	20077.2
52384	20953.6
51458	20583.2
47474	18989.6
47615	19046.0
51611	20644.4
45372	18148.8
53069	21227.6
47698	19079.2
47316	18926.4
52036	20814.4
53923	21569.2
46850	18740.0
289416	21576.4
257382	20295.8
288267	71536.8
308736	62349.4
307270	45290.0
286917	21476.8
194960	77984.0
181714	72685.6
156917	62766.8
159390	63756.0
142102	56840.8
100022	40008.8
90663	36265.2
55562	22224.8
67064	26825.6
56758	22703.2
46384	18553.6
52004	20801.6
53409	21363.6
50635	20254.0
53829	21531.6
50518	20207.2
42796	17118.4
46584	18633.6
47699	19079.6
42924	17169.6
49868	19947.2
46595	18638.0
49523	19809.2
46529	18611.6
46545	18618.0
47825	19130.0
50993	20397.2
51919	20767.6
55630	22252.0
50298	20119.2
44826	17930.4
52389	20955.6
49690	19876.0
47523	19009.2
47785	19114.0
46763	18705.2
53947	21578.8
42909	17163.6
50797	20318.8
50440	20176.0
50127	20050.8
51295	20518.0
47861	19144.4
50667	20266.8
51492	20596.8
49090	19636.0
53205	21282.0
50535	20214.0
48726	19490.4
52614	21045.6
50989	20395.6
52590	21036.0
48221	19288.4
53256	21302.4
49450	19780.0
51330	20532.0
50370	20148.0
49613	19845.2
51491	20596.4
44606	17842.4
50141	20056.4
43844	17537.6
51402	20560.8
48471	19388.4
48407	19362.8
52522	21008.8
45381	18152.4
53303	21321.2
50865	20346.0
52464	20985.6
48923	19569.2
53562	21424.8
50996	20398.4
52176	20870.4
50928	20371.2
46094	18437.6
52914	21165.6
42707	17082.8
47297	18918.8
47547	19018.8
49060	19624.0
48586	19434.4
50031	20012.4
56275	22510.0
46880	18752.0
52728	21091.2
55768	22307.2
47255	18902.0
51996	20798.4
48533	19413.2
52720	21088.0
47972	19188.8
49968	19987.2
47063	18825.2
49070	19628.0
51820	20728.0
45432	18172.8
53578	21431.2
47437	18974.8
49053	19621.2
47373	18949.2
49695	19878.0
53432	21372.8
51123	20449.2
53479	21391.6
47291	18916.4
46593	18637.2
53647	21458.8
47643	19057.2
56558	22623.2
48651	19460.4
52198	20879.2
49152	19660.8
50405	20162.0
52953	21181.2
48049	19219.6
51638	20655.2
48752	19500.8
49175	19670.0
48616	19446.4
49382	19752.8
51524	20609.6
48053	19221.2
49292	19716.8
46784	18713.6
49579	19831.6
48088	19235.2
44909	17963.6
52728	21091.2
50926	20370.4
51475	20590.0
49280	19712.0
49480	19792.0
49441	19776.4
50924	20369.6
51709	20683.6
50112	20044.8
51659	20663.6
52063	20825.2
51561	20624.4
53823	21529.2
48796	19518.4
52858	21143.2
44729	17891.6
46606	18642.4
49828	19931.2
46227	18490.8
51448	20579.2
51874	20749.6
54041	21616.4
51204	20481.6
47366	18946.4
53286	21314.4
44640	17856.0
47662	19064.8
50643	20257.2
47591	19036.4
48505	19402.0
45855	18342.0
51091	20436.4
50712	20284.8
50724	20289.6
53794	21517.6
50131	20052.4
52310	20924.0
53283	21313.2
50063	20025.2
51036	20414.4
44626	17850.4
52095	20838.0
45509	18203.6
50070	20028.0
50290	20116.0
52960	21184.0
51801	20720.4
47170	18868.0
53928	21571.2
51356	20542.4
52614	21045.6
52171	20868.4
53048	21219.2
47229	18891.6
45423	18169.2
43428	17371.2
51665	20666.0
48268	19307.2
50247	20098.8
49607	19842.8
49490	19796.0
54728	21891.2
51743	20697.2
45232	18092.8
51471	20588.4
52948	21179.2
49636	19854.4
46458	18583.2
45999	18399.6
53035	21214.0
47161	18864.4
47924	19169.6
49849	19939.6
52470	20988.0
47332	18932.8
55556	22222.4
48646	19458.4
54676	21870.4
51547	20618.8
52129	20851.6
48696	19478.4
53509	21403.6
50784	20313.6
51112	20444.8
43329	17331.6
51959	20783.6
44321	17728.4
51692	20676.8
47081	18832.4
51076	20430.4
45876	18350.4
51051	20420.4
46418	18567.2
52749	21099.6
47104	18841.6
53111	21244.4
47351	18940.4
53125	21250.0
49312	19724.8
50638	20255.2
46925	18770.0
51942	20776.8
53317	21326.8
47279	18911.6
53226	21290.4
47494	18997.6
50515	20206.0
50496	20198.4
48432	19372.8
45920	18368.0
46869	18747.6
54507	21802.8
50620	20248.0
49098	19639.2
52440	20976.0
52456	20982.4
48341	19336.4
50230	20092.0
53585	21434.0
46889	18755.6
52427	20970.8
46969	18787.6
46330	18532.0
52235	20894.0
53597	21438.8
51487	20594.8
50622	20248.8
49056	19622.4
46359	18543.6
49147	19658.8
52111	20844.4
48192	19276.8
50645	20258.0
53428	21371.2
47770	19108.0
49138	19655.2
46613	18645.2
51814	20725.6
50631	20252.4
51410	20564.0
49190	19676.0
52470	20988.0
53389	21355.6
49991	19996.4
45554	18221.6
55630	22252.0
50897	20358.8
47360	18944.0
45759	18303.6
47903	19161.2
54376	21750.4
52011	20804.4
47901	19160.4
54720	21888.0
50034	20013.6
47684	19073.6
54797	21918.8
45775	18310.0
44266	17706.4
46988	18795.2
52101	20840.4
49075	19630.0
52614	21045.6
51407	20562.8
47898	19159.2
50381	20152.4
48806	19522.4
50648	20259.2
52831	21132.4
47645	19058.0
52527	21010.8
47792	19116.8
50971	20388.4
55310	22124.0
52198	20879.2
48284	19313.6
48281	19312.4
50196	20078.4
50917	20366.8
47071	18828.4
51780	20712.0
50386	20154.4
46914	18765.6
53932	21572.8
43492	17396.8
52885	21154.0
48835	19534.0
48782	19512.8
50339	20135.6
48638	19455.2
52533	21013.2
54450	21780.0
50212	20084.8
54023	21609.2
54442	21776.8
52407	20962.8
52012	20804.8
44956	17982.4
48719	19487.6
49022	19608.8
44941	17976.4
48804	19521.6
46550	18620.0
50063	20025.2
46734	18693.6
48127	19250.8
52382	20952.8
51588	20635.2
53997	21598.8
48276	19310.4
50168	20067.2
49001	19600.4
50181	20072.4
46396	18558.4
52064	20825.6
49467	19786.8
56697	22678.8
56237	22494.8
45011	18004.4
50130	20052.0
50369	20147.6
49464	19785.6
44687	17874.8
45025	18010.0
51994	20797.6
48662	19464.8
55672	22268.8
52272	20908.8
52766	21106.4
52147	20858.8
52022	20808.8
48338	19335.2
48205	19282.0
48712	19484.8
47912	19164.8
42881	17152.4
49107	19642.8
52017	20806.8
48156	19262.4
52096	20838.4
53026	21210.4
47293	18917.2
49556	19822.4
48590	19436.0
47974	19189.6
51057	20422.8
48046	19218.4
48643	19457.2
52225	20890.0
55673	22269.2
49716	19886.4
49036	19614.4
51421	20568.4
46043	18417.2
52220	20888.0
50387	20154.8
52055	20822.0
49680	19872.0
46389	18555.6
51390	20556.0
49768	19907.2
46030	18412.0
53857	21542.8
48026	19210.4
51944	20777.6
51125	20450.0
48552	19420.8
50488	20195.2
52596	21038.4
52711	21084.4
51854	20741.6
45244	18097.6
52367	20946.8
49438	19775.2
47132	18852.8
53155	21262.0
52950	21180.0
45297	18118.8
47210	18884.0
50125	20050.0
50931	20372.4
51944	20777.6
47023	18809.2
52646	21058.4
50936	20374.4
50930	20372.0
47536	19014.4
47648	19059.2
49778	19911.2
50826	20330.4
52581	21032.4
54026	21610.4
48372	19348.8
53100	21240.0
53737	21494.8
51979	20791.6
47104	18841.6
46114	18445.6
46533	18613.2
49771	19908.4
49605	19842.0
50249	20099.6
47987	19194.8
47518	19007.2
50639	20255.6
55330	22132.0
52133	20853.2
52088	20835.2
44384	17753.6
51116	20446.4
48439	19375.6
46261	18504.4
51052	20420.8
51910	20764.0
50411	20164.4
49812	19924.8
50895	20358.0
51653	20661.2
47276	18910.4
50546	20218.4
46202	18480.8
52468	20987.2
50550	20220.0
45529	18211.6
51027	20410.8
49271	19708.4
50565	20226.0
52796	21118.4
51041	20416.4
52736	21094.4
46953	18781.2
52327	20930.8
47692	19076.8
50817	20326.8
50217	20086.8
50001	20000.4
48359	19343.6
47773	19109.2
49762	19904.8
50158	20063.2
51073	20429.2
53012	21204.8
48110	19244.0
50636	20254.4
46871	18748.4
50175	20070.0
50439	20175.6
49553	19821.2
51033	20413.2
52465	20986.0
48314	19325.6
50153	20061.2
54200	21680.0
50193	20077.2
52384	20953.6
51458	20583.2
47474	18989.6
47615	19046.0
51611	20644.4
45372	18148.8
53069	21227.6
47698	19079.2
47316	18926.4
52036	20814.4
53923	21569.2
46850	18740.0
