578832	33153.8
514764	30590.6
576534	53061.6
617472	34698.8
614540	34581.0
573834	62953.6
389920	15596.0
363428	14537.2
313834	12553.6
318780	12751.0
284204	11368.6
200044	80017.6
181326	72530.4
111124	44449.6
134128	53651.2
113516	45406.4
92768	37107.2
104008	41603.2
106818	42727.2
101270	40508.0
107658	43063.2
101036	40414.4
85592	34236.8
93168	37267.2
95398	38159.2
85848	34339.2
99736	39894.4
93190	37276.0
99046	39618.4
93058	37223.2
93090	37236.0
95650	38260.0
101986	40794.4
103838	41535.2
111260	44504.0
100596	40238.4
89652	35860.8
104778	41911.2
99380	39752.0
95046	38018.4
95570	38228.0
93526	37410.4
107894	43157.6
85818	34327.2
101594	40637.6
100880	40352.0
100254	40101.6
102590	41036.0
95722	38288.8
101334	40533.6
102984	41193.6
98180	39272.0
106410	42564.0
101070	40428.0
97452	38980.8
105228	42091.2
101978	40791.2
105180	42072.0
96442	38576.8
106512	42604.8
98900	39560.0
102660	41064.0
100740	40296.0
99226	39690.4
102982	41192.8
89212	35684.8
100282	40112.8
87688	35075.2
102804	41121.6
96942	38776.8
96814	38725.6
105044	42017.6
90762	36304.8
106606	42642.4
101730	40692.0
104928	41971.2
97846	39138.4
107124	42849.6
101992	40796.8
104352	41740.8
101856	40742.4
92188	36875.2
105828	42331.2
85414	34165.6
94594	37837.6
95094	38037.6
98120	39248.0
97172	38868.8
100062	40024.8
112550	45020.0
93760	37504.0
105456	42182.4
111536	44614.4
94510	37804.0
103992	41596.8
97066	38826.4
105440	42176.0
95944	38377.6
99936	39974.4
94126	37650.4
98140	39256.0
103640	41456.0
90864	36345.6
107156	42862.4
94874	37949.6
98106	39242.4
94746	37898.4
99390	39756.0
106864	42745.6
102246	40898.4
106958	42783.2
94582	37832.8
93186	37274.4
107294	42917.6
95286	38114.4
113116	45246.4
97302	38920.8
104396	41758.4
98304	39321.6
100810	40324.0
105906	42362.4
96098	38439.2
103276	41310.4
97504	39001.6
98350	39340.0
97232	38892.8
98764	39505.6
103048	41219.2
96106	38442.4
98584	39433.6
93568	37427.2
99158	39663.2
96176	38470.4
89818	35927.2
105456	42182.4
101852	40740.8
102950	41180.0
98560	39424.0
98960	39584.0
98882	39552.8
101848	40739.2
103418	41367.2
100224	40089.6
103318	41327.2
104126	41650.4
103122	41248.8
107646	43058.4
97592	39036.8
105716	42286.4
89458	35783.2
93212	37284.8
99656	39862.4
92454	36981.6
102896	41158.4
103748	41499.2
108082	43232.8
102408	40963.2
94732	37892.8
106572	42628.8
89280	35712.0
95324	38129.6
101286	40514.4
95182	38072.8
97010	38804.0
91710	36684.0
102182	40872.8
101424	40569.6
101448	40579.2
107588	43035.2
100262	40104.8
104620	41848.0
106566	42626.4
100126	40050.4
102072	40828.8
89252	35700.8
104190	41676.0
91018	36407.2
100140	40056.0
100580	40232.0
105920	42368.0
103602	41440.8
94340	37736.0
107856	43142.4
102712	41084.8
105228	42091.2
104342	41736.8
106096	42438.4
94458	37783.2
90846	36338.4
86856	34742.4
103330	41332.0
96536	38614.4
100494	40197.6
99214	39685.6
98980	39592.0
109456	43782.4
103486	41394.4
90464	36185.6
102942	41176.8
105896	42358.4
99272	39708.8
92916	37166.4
91998	36799.2
106070	42428.0
94322	37728.8
95848	38339.2
99698	39879.2
104940	41976.0
94664	37865.6
111112	44444.8
97292	38916.8
109352	43740.8
103094	41237.6
104258	41703.2
97392	38956.8
107018	42807.2
101568	40627.2
102224	40889.6
86658	34663.2
103918	41567.2
88642	35456.8
103384	41353.6
94162	37664.8
102152	40860.8
91752	36700.8
102102	40840.8
92836	37134.4
105498	42199.2
94208	37683.2
106222	42488.8
94702	37880.8
106250	42500.0
98624	39449.6
101276	40510.4
93850	37540.0
103884	41553.6
106634	42653.6
94558	37823.2
106452	42580.8
94988	37995.2
101030	40412.0
100992	40396.8
96864	38745.6
91840	36736.0
93738	37495.2
109014	43605.6
101240	40496.0
98196	39278.4
104880	41952.0
104912	41964.8
96682	38672.8
100460	40184.0
107170	42868.0
93778	37511.2
104854	41941.6
93938	37575.2
92660	37064.0
104470	41788.0
107194	42877.6
102974	41189.6
101244	40497.6
98112	39244.8
92718	37087.2
98294	39317.6
104222	41688.8
96384	38553.6
101290	40516.0
106856	42742.4
95540	38216.0
98276	39310.4
93226	37290.4
103628	41451.2
101262	40504.8
102820	41128.0
98380	39352.0
104940	41976.0
106778	42711.2
99982	39992.8
91108	36443.2
111260	44504.0
101794	40717.6
94720	37888.0
91518	36607.2
95806	38322.4
108752	43500.8
104022	41608.8
95802	38320.8
109440	43776.0
100068	40027.2
95368	38147.2
109594	43837.6
91550	36620.0
88532	35412.8
93976	37590.4
104202	41680.8
98150	39260.0
105228	42091.2
102814	41125.6
95796	38318.4
100762	40304.8
97612	39044.8
101296	40518.4
105662	42264.8
95290	38116.0
105054	42021.6
95584	38233.6
101942	40776.8
110620	44248.0
104396	41758.4
96568	38627.2
96562	38624.8
100392	40156.8
101834	40733.6
94142	37656.8
103560	41424.0
100772	40308.8
93828	37531.2
107864	43145.6
86984	34793.6
105770	42308.0
97670	39068.0
97564	39025.6
100678	40271.2
97276	38910.4
105066	42026.4
108900	43560.0
100424	40169.6
108046	43218.4
108884	43553.6
104814	41925.6
104024	41609.6
89912	35964.8
97438	38975.2
98044	39217.6
89882	35952.8
97608	39043.2
93100	37240.0
100126	40050.4
93468	37387.2
96254	38501.6
104764	41905.6
103176	41270.4
107994	43197.6
96552	38620.8
100336	40134.4
98002	39200.8
100362	40144.8
92792	37116.8
104128	41651.2
98934	39573.6
113394	45357.6
112474	44989.6
90022	36008.8
100260	40104.0
100738	40295.2
98928	39571.2
89374	35749.6
90050	36020.0
103988	41595.2
97324	38929.6
111344	44537.6
104544	41817.6
105532	42212.8
104294	41717.6
104044	41617.6
96676	38670.4
96410	38564.0
97424	38969.6
95824	38329.6
85762	34304.8
98214	39285.6
104034	41613.6
96312	38524.8
104192	41676.8
106052	42420.8
94586	37834.4
99112	39644.8
97180	38872.0
95948	38379.2
102114	40845.6
96092	38436.8
97286	38914.4
104450	41780.0
111346	44538.4
99432	39772.8
98072	39228.8
102842	41136.8
92086	36834.4
104440	41776.0
100774	40309.6
104110	41644.0
99360	39744.0
92778	37111.2
102780	41112.0
99536	39814.4
92060	36824.0
107714	43085.6
96052	38420.8
103888	41555.2
102250	40900.0
97104	38841.6
100976	40390.4
105192	42076.8
105422	42168.8
103708	41483.2
90488	36195.2
104734	41893.6
98876	39550.4
94264	37705.6
106310	42524.0
105900	42360.0
90594	36237.6
94420	37768.0
100250	40100.0
101862	40744.8
103888	41555.2
94046	37618.4
105292	42116.8
101872	40748.8
101860	40744.0
95072	38028.8
95296	38118.4
99556	39822.4
101652	40660.8
105162	42064.8
108052	43220.8
96744	38697.6
106200	42480.0
107474	42989.6
103958	41583.2
94208	37683.2
92228	36891.2
93066	37226.4
99542	39816.8
99210	39684.0
100498	40199.2
95974	38389.6
95036	38014.4
101278	40511.2
110660	44264.0
104266	41706.4
104176	41670.4
88768	35507.2
102232	40892.8
96878	38751.2
92522	37008.8
102104	40841.6
103820	41528.0
100822	40328.8
99624	39849.6
101790	40716.0
103306	41322.4
94552	37820.8
101092	40436.8
92404	36961.6
104936	41974.4
101100	40440.0
91058	36423.2
102054	40821.6
98542	39416.8
101130	40452.0
105592	42236.8
102082	40832.8
105472	42188.8
93906	37562.4
104654	41861.6
95384	38153.6
101634	40653.6
100434	40173.6
100002	40000.8
96718	38687.2
95546	38218.4
99524	39809.6
100316	40126.4
102146	40858.4
106024	42409.6
96220	38488.0
101272	40508.8
93742	37496.8
100350	40140.0
100878	40351.2
99106	39642.4
102066	40826.4
104930	41972.0
96628	38651.2
100306	40122.4
108400	43360.0
100386	40154.4
104768	41907.2
102916	41166.4
94948	37979.2
95230	38092.0
103222	41288.8
90744	36297.6
106138	42455.2
95396	38158.4
94632	37852.8
104072	41628.8
107846	43138.4
93700	37480.0
578832	33153.8
514764	30590.6
576534	53061.6
617472	34698.8
614540	34581.0
573834	62953.6
389920	15596.0
363428	14537.2
313834	12553.6
318780	12751.0
284204	11368.6
200044	80017.6
181326	72530.4
111124	44449.6
134128	53651.2
113516	45406.4
92768	37107.2
104008	41603.2
106818	42727.2
101270	40508.0
107658	43063.2
101036	40414.4
85592	34236.8
93168	37267.2
95398	38159.2
85848	34339.2
99736	39894.4
93190	37276.0
99046	39618.4
93058	37223.2
93090	37236.0
95650	38260.0
101986	40794.4
103838	41535.2
111260	44504.0
100596	40238.4
89652	35860.8
104778	41911.2
99380	39752.0
95046	38018.4
95570	38228.0
93526	37410.4
107894	43157.6
85818	34327.2
101594	40637.6
100880	40352.0
100254	40101.6
102590	41036.0
95722	38288.8
101334	40533.6
102984	41193.6
98180	39272.0
106410	42564.0
101070	40428.0
97452	38980.8
105228	42091.2
101978	40791.2
105180	42072.0
96442	38576.8
106512	42604.8
98900	39560.0
102660	41064.0
100740	40296.0
99226	39690.4
102982	41192.8
89212	35684.8
100282	40112.8
87688	35075.2
102804	41121.6
96942	38776.8
96814	38725.6
105044	42017.6
90762	36304.8
106606	42642.4
101730	40692.0
104928	41971.2
97846	39138.4
107124	42849.6
101992	40796.8
104352	41740.8
101856	40742.4
92188	36875.2
105828	42331.2
85414	34165.6
94594	37837.6
95094	38037.6
98120	39248.0
97172	38868.8
100062	40024.8
112550	45020.0
93760	37504.0
105456	42182.4
111536	44614.4
94510	37804.0
103992	41596.8
97066	38826.4
105440	42176.0
95944	38377.6
99936	39974.4
94126	37650.4
98140	39256.0
103640	41456.0
90864	36345.6
107156	42862.4
94874	37949.6
98106	39242.4
94746	37898.4
99390	39756.0
106864	42745.6
102246	40898.4
106958	42783.2
94582	37832.8
93186	37274.4
107294	42917.6
95286	38114.4
113116	45246.4
97302	38920.8
104396	41758.4
98304	39321.6
100810	40324.0
105906	42362.4
96098	38439.2
103276	41310.4
97504	39001.6
98350	39340.0
97232	38892.8
98764	39505.6
103048	41219.2
96106	38442.4
98584	39433.6
93568	37427.2
99158	39663.2
96176	38470.4
89818	35927.2
105456	42182.4
101852	40740.8
102950	41180.0
98560	39424.0
98960	39584.0
98882	39552.8
101848	40739.2
103418	41367.2
100224	40089.6
103318	41327.2
104126	41650.4
103122	41248.8
107646	43058.4
97592	39036.8
105716	42286.4
89458	35783.2
93212	37284.8
99656	39862.4
92454	36981.6
102896	41158.4
103748	41499.2
108082	43232.8
102408	40963.2
94732	37892.8
106572	42628.8
89280	35712.0
95324	38129.6
101286	40514.4
95182	38072.8
97010	38804.0
91710	36684.0
102182	40872.8
101424	40569.6
101448	40579.2
107588	43035.2
100262	40104.8
104620	41848.0
106566	42626.4
100126	40050.4
102072	40828.8
89252	35700.8
104190	41676.0
91018	36407.2
100140	40056.0
100580	40232.0
105920	42368.0
103602	41440.8
94340	37736.0
107856	43142.4
102712	41084.8
105228	42091.2
104342	41736.8
106096	42438.4
94458	37783.2
90846	36338.4
86856	34742.4
103330	41332.0
96536	38614.4
100494	40197.6
99214	39685.6
98980	39592.0
109456	43782.4
103486	41394.4
90464	36185.6
102942	41176.8
105896	42358.4
99272	39708.8
92916	37166.4
91998	36799.2
106070	42428.0
94322	37728.8
95848	38339.2
99698	39879.2
104940	41976.0
94664	37865.6
111112	44444.8
97292	38916.8
109352	43740.8
103094	41237.6
104258	41703.2
97392	38956.8
107018	42807.2
101568	40627.2
102224	40889.6
86658	34663.2
103918	41567.2
88642	35456.8
103384	41353.6
94162	37664.8
102152	40860.8
91752	36700.8
102102	40840.8
92836	37134.4
105498	42199.2
94208	37683.2
106222	42488.8
94702	37880.8
106250	42500.0
98624	39449.6
101276	40510.4
93850	37540.0
103884	41553.6
106634	42653.6
94558	37823.2
106452	42580.8
94988	37995.2
101030	40412.0
100992	40396.8
96864	38745.6
91840	36736.0
93738	37495.2
109014	43605.6
101240	40496.0
98196	39278.4
104880	41952.0
104912	41964.8
96682	38672.8
100460	40184.0
107170	42868.0
93778	37511.2
104854	41941.6
93938	37575.2
92660	37064.0
104470	41788.0
107194	42877.6
102974	41189.6
101244	40497.6
98112	39244.8
92718	37087.2
98294	39317.6
104222	41688.8
96384	38553.6
101290	40516.0
106856	42742.4
95540	38216.0
98276	39310.4
93226	37290.4
103628	41451.2
101262	40504.8
102820	41128.0
98380	39352.0
104940	41976.0
106778	42711.2
99982	39992.8
91108	36443.2
111260	44504.0
101794	40717.6
94720	37888.0
91518	36607.2
95806	38322.4
108752	43500.8
104022	41608.8
95802	38320.8
109440	43776.0
100068	40027.2
95368	38147.2
109594	43837.6
91550	36620.0
88532	35412.8
93976	37590.4
104202	41680.8
98150	39260.0
105228	42091.2
102814	41125.6
95796	38318.4
100762	40304.8
97612	39044.8
101296	40518.4
105662	42264.8
95290	38116.0
105054	42021.6
95584	38233.6
101942	40776.8
110620	44248.0
104396	41758.4
96568	38627.2
96562	38624.8
100392	40156.8
101834	40733.6
94142	37656.8
103560	41424.0
100772	40308.8
93828	37531.2
107864	43145.6
86984	34793.6
105770	42308.0
97670	39068.0
97564	39025.6
100678	40271.2
97276	38910.4
105066	42026.4
108900	43560.0
100424	40169.6
108046	43218.4
108884	43553.6
104814	41925.6
104024	41609.6
89912	35964.8
97438	38975.2
98044	39217.6
89882	35952.8
97608	39043.2
93100	37240.0
100126	40050.4
93468	37387.2
96254	38501.6
104764	41905.6
103176	41270.4
107994	43197.6
96552	38620.8
100336	40134.4
98002	39200.8
100362	40144.8
92792	37116.8
104128	41651.2
98934	39573.6
113394	45357.6
112474	44989.6
90022	36008.8
100260	40104.0
100738	40295.2
98928	39571.2
89374	35749.6
90050	36020.0
103988	41595.2
97324	38929.6
111344	44537.6
104544	41817.6
105532	42212.8
104294	41717.6
104044	41617.6
96676	38670.4
96410	38564.0
97424	38969.6
95824	38329.6
85762	34304.8
98214	39285.6
104034	41613.6
96312	38524.8
104192	41676.8
106052	42420.8
94586	37834.4
99112	39644.8
97180	38872.0
95948	38379.2
102114	40845.6
96092	38436.8
97286	38914.4
104450	41780.0
111346	44538.4
99432	39772.8
98072	39228.8
102842	41136.8
92086	36834.4
104440	41776.0
100774	40309.6
104110	41644.0
99360	39744.0
92778	37111.2
102780	41112.0
99536	39814.4
92060	36824.0
107714	43085.6
96052	38420.8
103888	41555.2
102250	40900.0
97104	38841.6
100976	40390.4
105192	42076.8
105422	42168.8
103708	41483.2
90488	36195.2
104734	41893.6
98876	39550.4
94264	37705.6
106310	42524.0
105900	42360.0
90594	36237.6
94420	37768.0
100250	40100.0
101862	40744.8
103888	41555.2
94046	37618.4
105292	42116.8
101872	40748.8
101860	40744.0
95072	38028.8
95296	38118.4
99556	39822.4
101652	40660.8
105162	42064.8
108052	43220.8
96744	38697.6
106200	42480.0
107474	42989.6
103958	41583.2
94208	37683.2
92228	36891.2
93066	37226.4
99542	39816.8
99210	39684.0
100498	40199.2
95974	38389.6
95036	38014.4
101278	40511.2
110660	44264.0
104266	41706.4
104176	41670.4
88768	35507.2
102232	40892.8
96878	38751.2
92522	37008.8
102104	40841.6
103820	41528.0
100822	40328.8
99624	39849.6
101790	40716.0
103306	41322.4
94552	37820.8
101092	40436.8
92404	36961.6
104936	41974.4
101100	40440.0
91058	36423.2
102054	40821.6
98542	39416.8
101130	40452.0
105592	42236.8
102082	40832.8
105472	42188.8
93906	37562.4
104654	41861.6
95384	38153.6
101634	40653.6
100434	40173.6
100002	40000.8
96718	38687.2
95546	38218.4
99524	39809.6
100316	40126.4
102146	40858.4
106024	42409.6
96220	38488.0
101272	40508.8
93742	37496.8
100350	40140.0
100878	40351.2
99106	39642.4
102066	40826.4
104930	41972.0
96628	38651.2
100306	40122.4
108400	43360.0
100386	40154.4
104768	41907.2
102916	41166.4
94948	37979.2
95230	38092.0
103222	41288.8
90744	36297.6
106138	42455.2
95396	38158.4
94632	37852.8
104072	41628.8
107846	43138.4
93700	37480.0
578832	33153.8
514764	30590.6
576534	53061.6
617472	34698.8
614540	34581.0
573834	62953.6
389920	15596.0
363428	14537.2
313834	12553.6
318780	12751.0
284204	11368.6
200044	80017.6
181326	72530.4
111124	44449.6
134128	53651.2
113516	45406.4
92768	37107.2
104008	41603.2
106818	42727.2
101270	40508.0
107658	43063.2
101036	40414.4
85592	34236.8
93168	37267.2
95398	38159.2
85848	34339.2
99736	39894.4
93190	37276.0
99046	39618.4
93058	37223.2
93090	37236.0
95650	38260.0
101986	40794.4
103838	41535.2
111260	44504.0
100596	40238.4
89652	35860.8
104778	41911.2
99380	39752.0
95046	38018.4
95570	38228.0
93526	37410.4
107894	43157.6
85818	34327.2
101594	40637.6
100880	40352.0
100254	40101.6
102590	41036.0
95722	38288.8
101334	40533.6
102984	41193.6
98180	39272.0
106410	42564.0
101070	40428.0
97452	38980.8
105228	42091.2
101978	40791.2
105180	42072.0
96442	38576.8
106512	42604.8
98900	39560.0
102660	41064.0
100740	40296.0
99226	39690.4
102982	41192.8
89212	35684.8
100282	40112.8
87688	35075.2
102804	41121.6
96942	38776.8
96814	38725.6
105044	42017.6
90762	36304.8
106606	42642.4
101730	40692.0
104928	41971.2
97846	39138.4
107124	42849.6
101992	40796.8
104352	41740.8
101856	40742.4
92188	36875.2
105828	42331.2
85414	34165.6
94594	37837.6
95094	38037.6
98120	39248.0
97172	38868.8
100062	40024.8
112550	45020.0
93760	37504.0
105456	42182.4
111536	44614.4
94510	37804.0
103992	41596.8
97066	38826.4
105440	42176.0
95944	38377.6
99936	39974.4
94126	37650.4
98140	39256.0
103640	41456.0
90864	36345.6
107156	42862.4
94874	37949.6
98106	39242.4
94746	37898.4
99390	39756.0
106864	42745.6
102246	40898.4
106958	42783.2
94582	37832.8
93186	37274.4
107294	42917.6
95286	38114.4
113116	45246.4
97302	38920.8
104396	41758.4
98304	39321.6
100810	40324.0
105906	42362.4
96098	38439.2
103276	41310.4
97504	39001.6
98350	39340.0
97232	38892.8
98764	39505.6
103048	41219.2
96106	38442.4
98584	39433.6
93568	37427.2
99158	39663.2
96176	38470.4
89818	35927.2
105456	42182.4
101852	40740.8
102950	41180.0
98560	39424.0
98960	39584.0
98882	39552.8
101848	40739.2
103418	41367.2
100224	40089.6
103318	41327.2
104126	41650.4
103122	41248.8
107646	43058.4
97592	39036.8
105716	42286.4
89458	35783.2
93212	37284.8
99656	39862.4
92454	36981.6
102896	41158.4
103748	41499.2
108082	43232.8
102408	40963.2
94732	37892.8
106572	42628.8
89280	35712.0
95324	38129.6
101286	40514.4
95182	38072.8
97010	38804.0
91710	36684.0
102182	40872.8
101424	40569.6
101448	40579.2
107588	43035.2
100262	40104.8
104620	41848.0
106566	42626.4
100126	40050.4
102072	40828.8
89252	35700.8
104190	41676.0
91018	36407.2
100140	40056.0
100580	40232.0
105920	42368.0
103602	41440.8
94340	37736.0
107856	43142.4
102712	41084.8
105228	42091.2
104342	41736.8
106096	42438.4
94458	37783.2
90846	36338.4
86856	34742.4
103330	41332.0
96536	38614.4
100494	40197.6
99214	39685.6
98980	39592.0
109456	43782.4
103486	41394.4
90464	36185.6
102942	41176.8
105896	42358.4
99272	39708.8
92916	37166.4
91998	36799.2
106070	42428.0
94322	37728.8
95848	38339.2
99698	39879.2
104940	41976.0
94664	37865.6
111112	44444.8
97292	38916.8
109352	43740.8
103094	41237.6
104258	41703.2
97392	38956.8
107018	42807.2
101568	40627.2
102224	40889.6
86658	34663.2
103918	41567.2
88642	35456.8
103384	41353.6
94162	37664.8
102152	40860.8
91752	36700.8
102102	40840.8
92836	37134.4
105498	42199.2
94208	37683.2
106222	42488.8
94702	37880.8
106250	42500.0
98624	39449.6
101276	40510.4
93850	37540.0
103884	41553.6
106634	42653.6
94558	37823.2
106452	42580.8
94988	37995.2
101030	40412.0
100992	40396.8
96864	38745.6
91840	36736.0
93738	37495.2
109014	43605.6
101240	40496.0
98196	39278.4
104880	41952.0
104912	41964.8
96682	38672.8
100460	40184.0
107170	42868.0
93778	37511.2
104854	41941.6
93938	37575.2
92660	37064.0
104470	41788.0
107194	42877.6
102974	41189.6
101244	40497.6
98112	39244.8
92718	37087.2
98294	39317.6
104222	41688.8
96384	38553.6
101290	40516.0
106856	42742.4
95540	38216.0
98276	39310.4
93226	37290.4
103628	41451.2
101262	40504.8
102820	41128.0
98380	39352.0
104940	41976.0
106778	42711.2
99982	39992.8
91108	36443.2
111260	44504.0
101794	40717.6
94720	37888.0
91518	36607.2
95806	38322.4
108752	43500.8
104022	41608.8
95802	38320.8
109440	43776.0
100068	40027.2
95368	38147.2
109594	43837.6
91550	36620.0
88532	35412.8
93976	37590.4
104202	41680.8
98150	39260.0
105228	42091.2
102814	41125.6
95796	38318.4
100762	40304.8
97612	39044.8
101296	40518.4
105662	42264.8
95290	38116.0
105054	42021.6
95584	38233.6
101942	40776.8
110620	44248.0
104396	41758.4
96568	38627.2
96562	38624.8
100392	40156.8
101834	40733.6
94142	37656.8
103560	41424.0
100772	40308.8
93828	37531.2
107864	43145.6
86984	34793.6
105770	42308.0
97670	39068.0
97564	39025.6
100678	40271.2
97276	38910.4
105066	42026.4
108900	43560.0
100424	40169.6
108046	43218.4
108884	43553.6
104814	41925.6
104024	41609.6
89912	35964.8
97438	38975.2
98044	39217.6
89882	35952.8
97608	39043.2
93100	37240.0
100126	40050.4
93468	37387.2
96254	38501.6
104764	41905.6
103176	41270.4
107994	43197.6
96552	38620.8
100336	40134.4
98002	39200.8
100362	40144.8
92792	37116.8
104128	41651.2
98934	39573.6
113394	45357.6
112474	44989.6
90022	36008.8
100260	40104.0
100738	40295.2
98928	39571.2
89374	35749.6
90050	36020.0
103988	41595.2
97324	38929.6
111344	44537.6
104544	41817.6
105532	42212.8
104294	41717.6
104044	41617.6
96676	38670.4
96410	38564.0
97424	38969.6
95824	38329.6
85762	34304.8
98214	39285.6
104034	41613.6
96312	38524.8
104192	41676.8
106052	42420.8
94586	37834.4
99112	39644.8
97180	38872.0
95948	38379.2
102114	40845.6
96092	38436.8
97286	38914.4
104450	41780.0
111346	44538.4
99432	39772.8
98072	39228.8
102842	41136.8
92086	36834.4
104440	41776.0
100774	40309.6
104110	41644.0
99360	39744.0
92778	37111.2
102780	41112.0
99536	39814.4
92060	36824.0
107714	43085.6
96052	38420.8
103888	41555.2
102250	40900.0
97104	38841.6
100976	40390.4
105192	42076.8
105422	42168.8
103708	41483.2
90488	36195.2
104734	41893.6
98876	39550.4
94264	37705.6
106310	42524.0
105900	42360.0
90594	36237.6
94420	37768.0
100250	40100.0
101862	40744.8
103888	41555.2
94046	37618.4
105292	42116.8
101872	40748.8
101860	40744.0
95072	38028.8
95296	38118.4
99556	39822.4
101652	40660.8
105162	42064.8
108052	43220.8
96744	38697.6
106200	42480.0
107474	42989.6
103958	41583.2
94208	37683.2
92228	36891.2
93066	37226.4
99542	39816.8
99210	39684.0
100498	40199.2
95974	38389.6
95036	38014.4
101278	40511.2
110660	44264.0
104266	41706.4
104176	41670.4
88768	35507.2
102232	40892.8
96878	38751.2
92522	37008.8
102104	40841.6
103820	41528.0
100822	40328.8
99624	39849.6
101790	40716.0
103306	41322.4
94552	37820.8
101092	40436.8
92404	36961.6
104936	41974.4
101100	40440.0
91058	36423.2
102054	40821.6
98542	39416.8
101130	40452.0
105592	42236.8
102082	40832.8
105472	42188.8
93906	37562.4
104654	41861.6
95384	38153.6
101634	40653.6
100434	40173.6
100002	40000.8
96718	38687.2
95546	38218.4
99524	39809.6
100316	40126.4
102146	40858.4
106024	42409.6
96220	38488.0
101272	40508.8
93742	37496.8
100350	40140.0
100878	40351.2
99106	39642.4
102066	40826.4
104930	41972.0
96628	38651.2
100306	40122.4
108400	43360.0
100386	40154.4
104768	41907.2
102916	41166.4
94948	37979.2
95230	38092.0
103222	41288.8
90744	36297.6
106138	42455.2
95396	38158.4
94632	37852.8
104072	41628.8
107846	43138.4
93700	37480.0
578832	33153.8
514764	30590.6
576534	53061.6
617472	34698.8
614540	34581.0
573834	62953.6
389920	15596.0
363428	14537.2
313834	12553.6
318780	12751.0
284204	11368.6
200044	80017.6
181326	72530.4
111124	44449.6
134128	53651.2
113516	45406.4
92768	37107.2
104008	41603.2
106818	42727.2
101270	40508.0
107658	43063.2
101036	40414.4
85592	34236.8
93168	37267.2
95398	38159.2
85848	34339.2
99736	39894.4
93190	37276.0
99046	39618.4
93058	37223.2
93090	37236.0
95650	38260.0
101986	40794.4
103838	41535.2
111260	44504.0
100596	40238.4
89652	35860.8
104778	41911.2
99380	39752.0
95046	38018.4
95570	38228.0
93526	37410.4
107894	43157.6
85818	34327.2
101594	40637.6
100880	40352.0
100254	40101.6
102590	41036.0
95722	38288.8
101334	40533.6
102984	41193.6
98180	39272.0
106410	42564.0
101070	40428.0
97452	38980.8
105228	42091.2
101978	40791.2
105180	42072.0
96442	38576.8
106512	42604.8
98900	39560.0
102660	41064.0
100740	40296.0
99226	39690.4
102982	41192.8
89212	35684.8
100282	40112.8
87688	35075.2
102804	41121.6
96942	38776.8
96814	38725.6
105044	42017.6
90762	36304.8
106606	42642.4
101730	40692.0
104928	41971.2
97846	39138.4
107124	42849.6
101992	40796.8
104352	41740.8
101856	40742.4
92188	36875.2
105828	42331.2
85414	34165.6
94594	37837.6
95094	38037.6
98120	39248.0
97172	38868.8
100062	40024.8
112550	45020.0
93760	37504.0
105456	42182.4
111536	44614.4
94510	37804.0
103992	41596.8
97066	38826.4
105440	42176.0
95944	38377.6
99936	39974.4
94126	37650.4
98140	39256.0
103640	41456.0
90864	36345.6
107156	42862.4
94874	37949.6
98106	39242.4
94746	37898.4
99390	39756.0
106864	42745.6
102246	40898.4
106958	42783.2
94582	37832.8
93186	37274.4
107294	42917.6
95286	38114.4
113116	45246.4
97302	38920.8
104396	41758.4
98304	39321.6
100810	40324.0
105906	42362.4
96098	38439.2
103276	41310.4
97504	39001.6
98350	39340.0
97232	38892.8
98764	39505.6
103048	41219.2
96106	38442.4
98584	39433.6
93568	37427.2
99158	39663.2
96176	38470.4
89818	35927.2
105456	42182.4
101852	40740.8
102950	41180.0
98560	39424.0
98960	39584.0
98882	39552.8
101848	40739.2
103418	41367.2
100224	40089.6
103318	41327.2
104126	41650.4
103122	41248.8
107646	43058.4
97592	39036.8
105716	42286.4
89458	35783.2
93212	37284.8
99656	39862.4
92454	36981.6
102896	41158.4
103748	41499.2
108082	43232.8
102408	40963.2
94732	37892.8
106572	42628.8
89280	35712.0
95324	38129.6
101286	40514.4
95182	38072.8
97010	38804.0
91710	36684.0
102182	40872.8
101424	40569.6
101448	40579.2
107588	43035.2
100262	40104.8
104620	41848.0
106566	42626.4
100126	40050.4
102072	40828.8
89252	35700.8
104190	41676.0
91018	36407.2
100140	40056.0
100580	40232.0
105920	42368.0
103602	41440.8
94340	37736.0
107856	43142.4
102712	41084.8
105228	42091.2
104342	41736.8
106096	42438.4
94458	37783.2
90846	36338.4
86856	34742.4
103330	41332.0
96536	38614.4
100494	40197.6
99214	39685.6
98980	39592.0
109456	43782.4
103486	41394.4
90464	36185.6
102942	41176.8
105896	42358.4
99272	39708.8
92916	37166.4
91998	36799.2
106070	42428.0
94322	37728.8
95848	38339.2
99698	39879.2
104940	41976.0
94664	37865.6
111112	44444.8
97292	38916.8
109352	43740.8
103094	41237.6
104258	41703.2
97392	38956.8
107018	42807.2
101568	40627.2
102224	40889.6
86658	34663.2
103918	41567.2
88642	35456.8
103384	41353.6
94162	37664.8
102152	40860.8
91752	36700.8
102102	40840.8
92836	37134.4
105498	42199.2
94208	37683.2
106222	42488.8
94702	37880.8
106250	42500.0
98624	39449.6
101276	40510.4
93850	37540.0
103884	41553.6
106634	42653.6
94558	37823.2
106452	42580.8
94988	37995.2
101030	40412.0
100992	40396.8
96864	38745.6
91840	36736.0
93738	37495.2
109014	43605.6
101240	40496.0
98196	39278.4
104880	41952.0
104912	41964.8
96682	38672.8
100460	40184.0
107170	42868.0
93778	37511.2
104854	41941.6
93938	37575.2
92660	37064.0
104470	41788.0
107194	42877.6
102974	41189.6
101244	40497.6
98112	39244.8
92718	37087.2
98294	39317.6
104222	41688.8
96384	38553.6
101290	40516.0
106856	42742.4
95540	38216.0
98276	39310.4
93226	37290.4
103628	41451.2
101262	40504.8
102820	41128.0
98380	39352.0
104940	41976.0
106778	42711.2
99982	39992.8
91108	36443.2
111260	44504.0
101794	40717.6
94720	37888.0
91518	36607.2
95806	38322.4
108752	43500.8
104022	41608.8
95802	38320.8
109440	43776.0
100068	40027.2
95368	38147.2
109594	43837.6
91550	36620.0
88532	35412.8
93976	37590.4
104202	41680.8
98150	39260.0
105228	42091.2
102814	41125.6
95796	38318.4
100762	40304.8
97612	39044.8
101296	40518.4
105662	42264.8
95290	38116.0
105054	42021.6
95584	38233.6
101942	40776.8
110620	44248.0
104396	41758.4
96568	38627.2
96562	38624.8
100392	40156.8
101834	40733.6
94142	37656.8
103560	41424.0
100772	40308.8
93828	37531.2
107864	43145.6
86984	34793.6
105770	42308.0
97670	39068.0
97564	39025.6
100678	40271.2
97276	38910.4
105066	42026.4
108900	43560.0
100424	40169.6
108046	43218.4
108884	43553.6
104814	41925.6
104024	41609.6
89912	35964.8
97438	38975.2
98044	39217.6
89882	35952.8
97608	39043.2
93100	37240.0
100126	40050.4
93468	37387.2
96254	38501.6
104764	41905.6
103176	41270.4
107994	43197.6
96552	38620.8
100336	40134.4
98002	39200.8
100362	40144.8
92792	37116.8
104128	41651.2
98934	39573.6
113394	45357.6
112474	44989.6
90022	36008.8
100260	40104.0
100738	40295.2
98928	39571.2
89374	35749.6
90050	36020.0
103988	41595.2
97324	38929.6
111344	44537.6
104544	41817.6
105532	42212.8
104294	41717.6
104044	41617.6
96676	38670.4
96410	38564.0
97424	38969.6
95824	38329.6
85762	34304.8
98214	39285.6
104034	41613.6
96312	38524.8
104192	41676.8
106052	42420.8
94586	37834.4
99112	39644.8
97180	38872.0
95948	38379.2
102114	40845.6
96092	38436.8
97286	38914.4
104450	41780.0
111346	44538.4
99432	39772.8
98072	39228.8
102842	41136.8
92086	36834.4
104440	41776.0
100774	40309.6
104110	41644.0
99360	39744.0
92778	37111.2
102780	41112.0
99536	39814.4
92060	36824.0
107714	43085.6
96052	38420.8
103888	41555.2
102250	40900.0
97104	38841.6
100976	40390.4
105192	42076.8
105422	42168.8
103708	41483.2
90488	36195.2
104734	41893.6
98876	39550.4
94264	37705.6
106310	42524.0
105900	42360.0
90594	36237.6
94420	37768.0
100250	40100.0
101862	40744.8
103888	41555.2
94046	37618.4
105292	42116.8
101872	40748.8
101860	40744.0
95072	38028.8
95296	38118.4
99556	39822.4
101652	40660.8
105162	42064.8
108052	43220.8
96744	38697.6
106200	42480.0
107474	42989.6
103958	41583.2
94208	37683.2
92228	36891.2
93066	37226.4
99542	39816.8
99210	39684.0
100498	40199.2
95974	38389.6
95036	38014.4
101278	40511.2
110660	44264.0
104266	41706.4
104176	41670.4
88768	35507.2
102232	40892.8
96878	38751.2
92522	37008.8
102104	40841.6
103820	41528.0
100822	40328.8
99624	39849.6
101790	40716.0
103306	41322.4
94552	37820.8
101092	40436.8
92404	36961.6
104936	41974.4
101100	40440.0
91058	36423.2
102054	40821.6
98542	39416.8
101130	40452.0
105592	42236.8
102082	40832.8
105472	42188.8
93906	37562.4
104654	41861.6
95384	38153.6
101634	40653.6
100434	40173.6
100002	40000.8
96718	38687.2
95546	38218.4
99524	39809.6
100316	40126.4
102146	40858.4
106024	42409.6
96220	38488.0
101272	40508.8
93742	37496.8
100350	40140.0
100878	40351.2
99106	39642.4
102066	40826.4
104930	41972.0
96628	38651.2
100306	40122.4
108400	43360.0
100386	40154.4
104768	41907.2
102916	41166.4
94948	37979.2
95230	38092.0
103222	41288.8
90744	36297.6
106138	42455.2
95396	38158.4
94632	37852.8
104072	41628.8
107846	43138.4
93700	37480.0
